[1] 7651   36
[1] 1000   36
[1] 1000   36
[1] 1000   36
[1] 1000   36
[1] 1000   36
[1] 1000   36
[1] 1000   36
[1] 1000   36
[1] 1000   36
[1] 1000   36
        n_conf beta      p_new  p_new_wt1 p_new_omni     p_comp   p_compHM
tmp_all      0  1.0 0.05110443 0.05215005 0.05058162 0.05855444 0.08940008
tmp_all      0  1.2 0.07600000 0.07800000 0.08200000 0.06900000 0.11200000
tmp_all      0  1.4 0.24100000 0.24300000 0.24700000 0.22800000 0.33300000
tmp_all      0  1.5 0.42100000 0.45800000 0.45700000 0.40700000 0.54100000
tmp_all      0  1.6 0.66600000 0.70300000 0.71600000 0.61600000 0.78200000
tmp_all      0  1.7 0.84300000 0.89100000 0.89400000 0.79800000 0.91900000
tmp_all      0  1.8 0.95900000 0.96600000 0.96800000 0.91000000 0.97800000
tmp_all      0  2.0 1.00000000 0.99900000 1.00000000 0.97600000 1.00000000
tmp_all      0  2.2 1.00000000 1.00000000 1.00000000 0.97700000 1.00000000
tmp_all      0  2.4 1.00000000 1.00000000 1.00000000 0.97500000 1.00000000
tmp_all      0  2.6 1.00000000 1.00000000 1.00000000 0.97200000 1.00000000
            p_pool      p_16S    p_shot     new_n     new_sen   new_fdr
tmp_all 0.05437198 0.05424128 0.0488825  0.326624 0.001640308 0.1898586
tmp_all 0.07500000 0.07500000 0.0600000  0.488000 0.006800000 0.1967670
tmp_all 0.23400000 0.20600000 0.2120000  1.504000 0.045600000 0.1961390
tmp_all 0.40900000 0.34600000 0.3670000  2.974000 0.102600000 0.2035250
tmp_all 0.63800000 0.55300000 0.5760000  5.212000 0.194200000 0.1982250
tmp_all 0.84100000 0.74500000 0.7370000  8.077000 0.308450000 0.1977170
tmp_all 0.94000000 0.89800000 0.8590000 10.955000 0.425150000 0.1978640
tmp_all 1.00000000 0.98700000 0.9890000 15.862000 0.626050000 0.1945380
tmp_all 1.00000000 1.00000000 1.0000000 19.140000 0.764500000 0.1881800
tmp_all 1.00000000 1.00000000 1.0000000 21.245000 0.852450000 0.1860570
tmp_all 1.00000000 1.00000000 1.0000000 22.638000 0.903650000 0.1905690
          newwt1_n  newwt1_sen newwt1_fdr  newOmni_n newOmni_sen newOmni_fdr
tmp_all  0.3283231 0.001588028   0.189551  0.3362959 0.001581493   0.1968752
tmp_all  0.5150000 0.007750000   0.197274  0.5040000 0.007400000   0.2018520
tmp_all  1.5840000 0.048800000   0.199093  1.6450000 0.049150000   0.2052760
tmp_all  3.2110000 0.111750000   0.205830  3.3220000 0.114550000   0.2148150
tmp_all  5.6360000 0.211400000   0.198744  5.7500000 0.217950000   0.1942050
tmp_all  8.5100000 0.327800000   0.201555  8.8070000 0.338900000   0.2032510
tmp_all 11.3420000 0.440050000   0.201280 11.7090000 0.454400000   0.2007680
tmp_all 16.0890000 0.633850000   0.196433 16.4600000 0.650650000   0.1930250
tmp_all 19.1910000 0.764900000   0.190145 19.6460000 0.780750000   0.1925090
tmp_all 21.2790000 0.845700000   0.193470 21.6730000 0.862350000   0.1923650
tmp_all 22.5480000 0.897450000   0.193222 22.8110000 0.909400000   0.1921590
            pcom_n    pcom_sen pcom_fdr  pcomHM_n  pcomHM_sen pcomHM_fdr
tmp_all  0.3376029 0.001633773 0.190260  0.337995 0.001640308  0.1903471
tmp_all  0.4410000 0.005600000 0.192694  0.441000 0.005600000  0.1926940
tmp_all  1.4360000 0.041650000 0.213670  1.441000 0.041750000  0.2141700
tmp_all  2.9340000 0.096800000 0.219197  2.940000 0.097000000  0.2194970
tmp_all  4.9890000 0.181350000 0.213401  5.014000 0.182100000  0.2139460
tmp_all  7.6670000 0.291900000 0.199087  7.707000 0.293150000  0.1993530
tmp_all 10.5750000 0.407000000 0.203149 10.613000 0.408250000  0.2035220
tmp_all 15.9240000 0.619800000 0.202877 15.966000 0.621250000  0.2030110
tmp_all 19.3310000 0.761500000 0.197464 19.382000 0.762950000  0.1979220
tmp_all 21.4500000 0.850400000 0.195599 21.486000 0.851150000  0.1962100
tmp_all 22.8950000 0.903700000 0.199125 22.938000 0.904750000  0.1996400
           pool_n    pool_sen  pool_fdr      S16_n     S16_sen   S16_fdr
tmp_all  0.355117 0.001712194 0.2034056  0.3566854 0.002110835 0.1992818
tmp_all  0.499000 0.007050000 0.2020840  0.4130000 0.005600000 0.1856760
tmp_all  1.564000 0.046450000 0.2110630  1.2980000 0.038300000 0.2002420
tmp_all  2.866000 0.097850000 0.2156260  2.3990000 0.079900000 0.2189720
tmp_all  4.984000 0.184600000 0.1965540  3.9080000 0.142400000 0.2011190
tmp_all  7.674000 0.294400000 0.1979900  5.8270000 0.221350000 0.1973840
tmp_all 10.652000 0.414000000 0.1996840  7.9400000 0.307150000 0.1946900
tmp_all 15.494000 0.611850000 0.1937660 11.9930000 0.470250000 0.1941260
tmp_all 18.915000 0.753950000 0.1897200 14.6060000 0.577500000 0.1910110
tmp_all 21.023000 0.844900000 0.1840980 16.8410000 0.665750000 0.1938540
tmp_all 22.474000 0.898350000 0.1894500 18.1000000 0.721750000 0.1887380
            shot_n   shot_sen shot_fdr   J_pcom   J_pool    J_16S   J_shot
tmp_all  0.3626977 0.00209123 0.201737 201.4995 211.7423 154.0038 173.3307
tmp_all  0.5070000 0.00665000 0.203238 200.9570 211.1270 153.7340 172.8410
tmp_all  1.3290000 0.03765000 0.203930 200.3840 210.6280 153.1650 172.4470
tmp_all  2.3800000 0.07925000 0.198808 199.8750 210.1600 152.9760 172.0360
tmp_all  3.7980000 0.13735000 0.196037 199.7220 209.9760 152.6720 171.9750
tmp_all  5.8400000 0.21915000 0.197045 199.4900 209.6570 152.5130 171.8390
tmp_all  7.9190000 0.30180000 0.201763 199.1800 209.3880 152.2370 171.6010
tmp_all 11.6920000 0.45580000 0.197235 198.4500 208.6820 151.6810 171.0350
tmp_all 14.5880000 0.57770000 0.188812 197.9800 208.1420 151.3260 170.5710
tmp_all 16.6150000 0.66305000 0.185595 197.4310 207.5230 150.8850 170.1580
tmp_all 18.2750000 0.72675000 0.190151 196.9340 207.1150 150.3810 169.8150
