[1] 7498   36
[1] 602  36
[1] 1000   36
[1] 1000   36
[1] 1000   36
[1] 1000   36
[1] 1000   36
[1] 1000   36
[1] 1000   36
[1] 1000   36
[1] 1000   36
[1] 1000   36
        n_conf beta      p_new  p_new_wt1 p_new_omni     p_comp   p_compHM
tmp_all      0    1 0.05281408 0.05254735 0.04681248 0.05508136 0.08508936
tmp_all      0    3 0.18604651 0.19102990 0.17940199 0.21262458 0.31893688
tmp_all      0    5 0.58100000 0.54500000 0.57000000 0.61400000 0.79600000
tmp_all      0    6 0.77800000 0.72700000 0.75100000 0.77700000 0.91300000
tmp_all      0    7 0.89900000 0.86300000 0.88400000 0.88600000 0.96700000
tmp_all      0    8 0.96600000 0.93700000 0.95800000 0.94400000 0.99600000
tmp_all      0    9 0.99100000 0.96900000 0.98200000 0.95900000 0.99900000
tmp_all      0   10 0.99700000 0.99400000 0.99600000 0.98700000 1.00000000
tmp_all      0   20 1.00000000 1.00000000 1.00000000 0.97900000 1.00000000
tmp_all      0   30 1.00000000 1.00000000 1.00000000 0.97500000 1.00000000
tmp_all      0   40 1.00000000 1.00000000 1.00000000 0.97600000 1.00000000
tmp_all      0   50 1.00000000 1.00000000 1.00000000 0.98000000 1.00000000
            p_pool     p_16S     p_shot      new_n      new_sen   new_fdr
tmp_all 0.05108029 0.0476127 0.05254735  0.3282209 0.0009549213 0.1799853
tmp_all 0.21594684 0.1744186 0.17607973  1.6561462 0.0172757475 0.2315482
tmp_all 0.56700000 0.5350000 0.49800000  7.2470000 0.1011200000 0.2396240
tmp_all 0.76900000 0.7060000 0.69300000 12.5020000 0.1797600000 0.2414120
tmp_all 0.89500000 0.8390000 0.82300000 17.1120000 0.2536000000 0.2359840
tmp_all 0.96400000 0.9250000 0.91900000 22.6770000 0.3412400000 0.2284040
tmp_all 0.98200000 0.9670000 0.95100000 26.3670000 0.4000800000 0.2261830
tmp_all 0.99600000 0.9890000 0.97300000 31.1780000 0.4767600000 0.2236850
tmp_all 1.00000000 1.0000000 1.00000000 47.5600000 0.7455000000 0.2100560
tmp_all 1.00000000 1.0000000 1.00000000 53.2980000 0.8409200000 0.2058620
tmp_all 1.00000000 1.0000000 1.00000000 54.6380000 0.8710400000 0.1977510
tmp_all 1.00000000 1.0000000 1.00000000 56.3840000 0.8988800000 0.1980790
          newwt1_n   newwt1_sen newwt1_fdr  newOmni_n newOmni_sen newOmni_fdr
tmp_all  0.3339557 0.0009762603  0.1802643  0.3444919 0.001005601   0.1862478
tmp_all  1.5232558 0.0164784053  0.2299468  1.6528239 0.017475083   0.2258854
tmp_all  6.6330000 0.0913000000  0.2413960  7.1670000 0.099840000   0.2410960
tmp_all 11.1840000 0.1599000000  0.2375470 12.1690000 0.174280000   0.2427590
tmp_all 15.1910000 0.2225800000  0.2357400 16.5770000 0.244240000   0.2374160
tmp_all 20.4040000 0.3034200000  0.2363130 22.1810000 0.331460000   0.2345440
tmp_all 23.8020000 0.3553600000  0.2362320 25.7470000 0.387960000   0.2307310
tmp_all 28.5980000 0.4311400000  0.2327190 30.6090000 0.464380000   0.2293790
tmp_all 45.3040000 0.6966000000  0.2235640 47.1060000 0.732720000   0.2156940
tmp_all 52.0120000 0.8017600000  0.2229840 53.2380000 0.831460000   0.2134940
tmp_all 54.2520000 0.8387000000  0.2212570 54.8330000 0.864200000   0.2066500
tmp_all 56.7110000 0.8729600000  0.2244580 56.8870000 0.893980000   0.2090780
            pcom_n    pcom_sen  pcom_fdr   pcomHM_n  pcomHM_sen pcomHM_fdr
tmp_all  0.3327554 0.000896239 0.1854964  0.3327554 0.000896239  0.1854964
tmp_all  1.6063123 0.017176080 0.2145764  1.6063123 0.017176080  0.2145764
tmp_all  7.1370000 0.100780000 0.2249510  7.1410000 0.100800000  0.2251020
tmp_all 12.3760000 0.177840000 0.2406620 12.3980000 0.178060000  0.2407670
tmp_all 16.7720000 0.248620000 0.2361030 16.8130000 0.248980000  0.2365630
tmp_all 22.6120000 0.339580000 0.2294840 22.6520000 0.339800000  0.2302220
tmp_all 26.0180000 0.394180000 0.2272050 26.0660000 0.394540000  0.2277780
tmp_all 30.7170000 0.464800000 0.2298950 30.7960000 0.465220000  0.2310790
tmp_all 46.4080000 0.719880000 0.2180640 46.5250000 0.720120000  0.2195720
tmp_all 52.2680000 0.812700000 0.2169950 52.4020000 0.812860000  0.2188000
tmp_all 53.5120000 0.840160000 0.2096470 53.6490000 0.840300000  0.2114690
tmp_all 55.5290000 0.869960000 0.2115220 55.6910000 0.870060000  0.2136230
            pool_n    pool_sen  pool_fdr      S16_n      S16_sen   S16_fdr
tmp_all  0.3551614 0.001026941 0.1925520  0.3518272 0.0009309149 0.1929301
tmp_all  1.6461794 0.017176080 0.2276944  1.4767442 0.0161129568 0.2056296
tmp_all  7.1200000 0.098360000 0.2406880  6.2410000 0.0861800000 0.2238150
tmp_all 12.3870000 0.178780000 0.2359570 10.1930000 0.1458800000 0.2395210
tmp_all 16.9560000 0.250740000 0.2378020 13.9150000 0.2062600000 0.2282950
tmp_all 22.5620000 0.338960000 0.2302770 18.6330000 0.2786000000 0.2312260
tmp_all 26.4040000 0.400100000 0.2277090 21.3930000 0.3241000000 0.2234110
tmp_all 31.0720000 0.474200000 0.2250890 26.3390000 0.3990400000 0.2274140
tmp_all 47.4820000 0.744900000 0.2092930 39.2760000 0.6140400000 0.2103560
tmp_all 53.5330000 0.839620000 0.2103120 43.9420000 0.6894400000 0.2085500
tmp_all 54.7670000 0.870340000 0.1999360 45.2560000 0.7184800000 0.1997370
tmp_all 56.7530000 0.898120000 0.2037910 46.8540000 0.7378000000 0.2065190
            shot_n     shot_sen  shot_fdr   J_pcom   J_pool    J_16S   J_shot
tmp_all  0.3671646 0.0008295545 0.2037925 184.9376 196.3422 152.7103 143.0553
tmp_all  1.2956811 0.0141196013 0.2050648 192.3571 202.8455 158.5199 149.6478
tmp_all  5.4180000 0.0768000000 0.2204550 194.5580 204.6390 161.2250 152.4540
tmp_all  9.7390000 0.1402600000 0.2346060 194.5270 204.3090 160.2680 153.0350
tmp_all 12.9800000 0.1927600000 0.2286510 195.2280 204.8050 161.1370 153.5180
tmp_all 17.1340000 0.2576800000 0.2233160 195.1370 204.6430 160.1710 154.1400
tmp_all 19.9670000 0.3023800000 0.2226610 195.2690 204.2420 162.5550 154.1010
tmp_all 23.3530000 0.3568200000 0.2186530 194.8440 203.5790 159.4370 154.0020
tmp_all 37.4610000 0.5859400000 0.2097460 195.3860 204.3550 164.3040 153.2500
tmp_all 42.7390000 0.6707800000 0.2083500 192.8550 201.5800 157.2000 155.9700
tmp_all 43.6030000 0.6880000000 0.2042300 192.7300 200.9840 160.9500 154.8190
tmp_all 44.9590000 0.7114800000 0.2025080 193.1930 201.0570 157.7480 155.5500
