n_conf   beta   p_new   p_new_wt1   p_new_omni   p_comp   p_compHM   p_pool   p_16S   p_shot   new_n   new_sen   new_fdr   newwt1_n   newwt1_sen   newwt1_fdr   newOmni_n   newOmni_sen   newOmni_fdr   pcom_n   pcom_sen   pcom_fdr   pcomHM_n   pcomHM_sen   pcomHM_fdr   pool_n   pool_sen   pool_fdr   S16_n   S16_sen   S16_fdr   shot_n   shot_sen   shot_fdr   J_pcom   J_pool   J_16S   J_shot
0   1   0.0511   0.0522   0.0506   0.0586   0.0894   0.0544   0.0542   0.0489   0.327   0.00164   0.19   0.328   0.00159   0.19   0.336   0.00158   0.197   0.338   0.00163   0.19   0.338   0.00164   0.19   0.355   0.00171   0.203   0.357   0.00211   0.199   0.363   0.00209   0.202   201   212   154   173
0   1.2   0.076   0.078   0.082   0.069   0.112   0.075   0.075   0.06   0.488   0.0068   0.197   0.515   0.00775   0.197   0.504   0.0074   0.202   0.441   0.0056   0.193   0.441   0.0056   0.193   0.499   0.00705   0.202   0.413   0.0056   0.186   0.507   0.00665   0.203   201   211   154   173
0   1.4   0.241   0.243   0.247   0.228   0.333   0.234   0.206   0.212   1.5   0.0456   0.196   1.58   0.0488   0.199   1.64   0.0492   0.205   1.44   0.0416   0.214   1.44   0.0418   0.214   1.56   0.0464   0.211   1.3   0.0383   0.2   1.33   0.0377   0.204   200   211   153   172
0   1.5   0.421   0.458   0.457   0.407   0.541   0.409   0.346   0.367   2.97   0.103   0.204   3.21   0.112   0.206   3.32   0.115   0.215   2.93   0.0968   0.219   2.94   0.097   0.219   2.87   0.0979   0.216   2.4   0.0799   0.219   2.38   0.0792   0.199   200   210   153   172
0   1.6   0.666   0.703   0.716   0.616   0.782   0.638   0.553   0.576   5.21   0.194   0.198   5.64   0.211   0.199   5.75   0.218   0.194   4.99   0.181   0.213   5.01   0.182   0.214   4.98   0.185   0.197   3.91   0.142   0.201   3.8   0.137   0.196   200   210   153   172
0   1.7   0.843   0.891   0.894   0.798   0.919   0.841   0.745   0.737   8.08   0.308   0.198   8.51   0.328   0.202   8.81   0.339   0.203   7.67   0.292   0.199   7.71   0.293   0.199   7.67   0.294   0.198   5.83   0.221   0.197   5.84   0.219   0.197   199   210   153   172
0   1.8   0.959   0.966   0.968   0.91   0.978   0.94   0.898   0.859   11   0.425   0.198   11.3   0.44   0.201   11.7   0.454   0.201   10.6   0.407   0.203   10.6   0.408   0.204   10.7   0.414   0.2   7.94   0.307   0.195   7.92   0.302   0.202   199   209   152   172
0   2   1   0.999   1   0.976   1   1   0.987   0.989   15.9   0.626   0.195   16.1   0.634   0.196   16.5   0.651   0.193   15.9   0.62   0.203   16   0.621   0.203   15.5   0.612   0.194   12   0.47   0.194   11.7   0.456   0.197   198   209   152   171
0   2.2   1   1   1   0.977   1   1   1   1   19.1   0.764   0.188   19.2   0.765   0.19   19.6   0.781   0.193   19.3   0.762   0.197   19.4   0.763   0.198   18.9   0.754   0.19   14.6   0.578   0.191   14.6   0.578   0.189   198   208   151   171
0   2.4   1   1   1   0.975   1   1   1   1   21.2   0.852   0.186   21.3   0.846   0.193   21.7   0.862   0.192   21.4   0.85   0.196   21.5   0.851   0.196   21   0.845   0.184   16.8   0.666   0.194   16.6   0.663   0.186   197   208   151   170
0   2.6   1   1   1   0.972   1   1   1   1   22.6   0.904   0.191   22.5   0.897   0.193   22.8   0.909   0.192   22.9   0.904   0.199   22.9   0.905   0.2   22.5   0.898   0.189   18.1   0.722   0.189   18.3   0.727   0.19   197   207   150   170
