[1] 5636   36
[1] 514  36
[1] 555  36
[1] 709  36
[1] 942  36
[1] 1000   36
[1] 1000   36
[1] 1000   36
        n_conf beta      p_new  p_new_wt1 p_new_omni     p_comp   p_compHM
tmp_all      0  1.0 0.05482612 0.05411639 0.04950319 0.05411639 0.09066714
tmp_all      0  1.2 0.14007782 0.12451362 0.13424125 0.11478599 0.16731518
tmp_all      0  1.3 0.34594595 0.34954955 0.36576577 0.31171171 0.40180180
tmp_all      0  1.4 0.71227080 0.69393512 0.73060649 0.66431594 0.76445698
tmp_all      0  1.5 0.93949045 0.93205945 0.95753715 0.90339703 0.96284501
tmp_all      0  1.6 0.99500000 0.98900000 0.99500000 0.96100000 0.99600000
tmp_all      0  1.7 1.00000000 0.99900000 1.00000000 0.96800000 1.00000000
tmp_all      0  1.8 1.00000000 1.00000000 1.00000000 0.97600000 1.00000000
            p_pool      p_16S     p_shot     new_n     new_sen   new_fdr
tmp_all 0.05305181 0.04950319 0.04648687 0.3278921 0.001632363 0.2085923
tmp_all 0.13229572 0.09143969 0.11089494 0.6517510 0.054863813 0.1841965
tmp_all 0.32252252 0.27747748 0.30990991 1.5081081 0.181981982 0.2042829
tmp_all 0.66713681 0.60084626 0.65585331 2.9929478 0.420592384 0.1964513
tmp_all 0.91507431 0.84394904 0.88641189 4.3014862 0.630360934 0.1995042
tmp_all 0.98600000 0.96600000 0.97200000 5.2510000 0.780200000 0.2048740
tmp_all 0.99900000 0.99600000 0.99500000 5.8690000 0.882600000 0.2013730
tmp_all 1.00000000 0.99800000 0.99900000 6.2540000 0.939000000 0.2064520
         newwt1_n  newwt1_sen newwt1_fdr newOmni_n newOmni_sen newOmni_fdr
tmp_all 0.3337473 0.001596877  0.2052548 0.3383605 0.001596877   0.2113314
tmp_all 0.6031128 0.048249027  0.1852549 0.6536965 0.053307393   0.2050545
tmp_all 1.4702703 0.180180180  0.1956703 1.6126126 0.199639640   0.2131459
tmp_all 2.9534556 0.417207334  0.2028054 3.1015515 0.439492243   0.1974725
tmp_all 4.3715499 0.642675159  0.2077261 4.5063694 0.658386412   0.2067983
tmp_all 5.3610000 0.798200000  0.2088530 5.4520000 0.807400000   0.2111720
tmp_all 5.9650000 0.901000000  0.2025250 6.0460000 0.904800000   0.2073570
tmp_all 6.2730000 0.948200000  0.2033850 6.3540000 0.951800000   0.2092520
           pcom_n    pcom_sen  pcom_fdr  pcomHM_n  pcomHM_sen pcomHM_fdr
tmp_all 0.3298439 0.001561391 0.2037603 0.3298439 0.001561391  0.2037603
tmp_all 0.5525292 0.039688716 0.2043774 0.5544747 0.040077821  0.2043774
tmp_all 1.3585586 0.161441441 0.2098180 1.3639640 0.162522523  0.2096378
tmp_all 2.7475317 0.373765867 0.2086883 2.7503526 0.373765867  0.2087786
tmp_all 3.9819533 0.577282378 0.2011752 3.9925690 0.578556263  0.2011837
tmp_all 5.0180000 0.737200000 0.2079370 5.0300000 0.738400000  0.2080500
tmp_all 5.7170000 0.855400000 0.2038170 5.7240000 0.856000000  0.2042340
tmp_all 6.1840000 0.921400000 0.2103510 6.1930000 0.922600000  0.2105160
           pool_n    pool_sen  pool_fdr     S16_n     S16_sen   S16_fdr
tmp_all 0.3681689 0.001809794 0.2265635 0.3493612 0.002058197 0.2175273
tmp_all 0.6731518 0.054863813 0.2020700 0.5369650 0.033852140 0.2182335
tmp_all 1.5279279 0.178378378 0.2188865 1.1153153 0.126126126 0.2073676
tmp_all 2.9520451 0.407616361 0.2089394 2.0944993 0.272214386 0.2055614
tmp_all 4.2622081 0.623779193 0.2023662 2.9044586 0.403609342 0.2034087
tmp_all 5.2980000 0.782400000 0.2096950 3.5510000 0.515200000 0.1976110
tmp_all 5.9350000 0.882000000 0.2107590 3.9360000 0.581000000 0.1991440
tmp_all 6.2630000 0.942000000 0.2063590 4.2870000 0.627000000 0.2082780
           shot_n    shot_sen  shot_fdr   J_pcom   J_pool    J_16S   J_shot
tmp_all 0.3701207 0.002342087 0.2232787 200.6556 210.2269 158.7800 166.7745
tmp_all 0.6322957 0.048249027 0.2049961 199.8560 209.5642 158.2568 166.0506
tmp_all 1.3261261 0.153513514 0.1957640 199.5784 209.2721 158.1333 165.7892
tmp_all 2.3963329 0.321297602 0.2042708 199.2581 208.8984 157.8604 165.3554
tmp_all 3.1921444 0.445435244 0.2107601 198.7463 208.3779 157.4883 164.9406
tmp_all 3.6380000 0.520800000 0.2068730 198.2410 208.0810 157.1510 164.3810
tmp_all 3.9900000 0.578200000 0.2071910 198.0350 207.7160 157.0140 164.0890
tmp_all 4.1620000 0.604800000 0.2065280 197.6940 207.4280 156.7920 163.7810
