[1] 7440   36
[1] 526  36
[1] 959  36
[1] 1000   36
[1] 1000   36
[1] 1000   36
[1] 1000   36
[1] 1000   36
[1] 1000   36
[1] 1000   36
[1] 1000   36
[1] 1000   36
        n_conf beta      p_new  p_new_wt1 p_new_omni     p_comp  p_compHM
tmp_all      0    1 0.04879032 0.05403226 0.04758065 0.05430108 0.0891129
tmp_all      0    3 0.15969582 0.17300380 0.15399240 0.17110266 0.2927757
tmp_all      0    5 0.55683003 0.51720542 0.53806048 0.57977059 0.7893639
tmp_all      0    6 0.72100000 0.72100000 0.71200000 0.76100000 0.9150000
tmp_all      0    7 0.85300000 0.85300000 0.85400000 0.87600000 0.9760000
tmp_all      0    8 0.95100000 0.94100000 0.94500000 0.93500000 0.9950000
tmp_all      0    9 0.97900000 0.97500000 0.97200000 0.96000000 0.9990000
tmp_all      0   10 0.99500000 0.99100000 0.99600000 0.97400000 1.0000000
tmp_all      0   20 1.00000000 1.00000000 1.00000000 0.96500000 1.0000000
tmp_all      0   30 1.00000000 1.00000000 1.00000000 0.98000000 1.0000000
tmp_all      0   40 1.00000000 1.00000000 1.00000000 0.97900000 1.0000000
tmp_all      0   50 1.00000000 1.00000000 1.00000000 0.97400000 1.0000000
           p_pool      p_16S     p_shot      new_n     new_sen   new_fdr
tmp_all 0.0516129 0.04758065 0.05268817  0.3436828 0.001196237 0.1760661
tmp_all 0.1730038 0.16349810 0.14258555  1.4961977 0.015513308 0.2086559
tmp_all 0.5672576 0.50990615 0.52137643  6.9468196 0.094431700 0.2535162
tmp_all 0.7170000 0.69800000 0.67400000 11.0980000 0.158880000 0.2445440
tmp_all 0.8520000 0.83800000 0.83500000 16.5380000 0.242940000 0.2361720
tmp_all 0.9450000 0.94100000 0.92300000 21.5640000 0.319620000 0.2359750
tmp_all 0.9750000 0.96500000 0.96100000 26.7140000 0.402820000 0.2324200
tmp_all 0.9950000 0.99100000 0.98400000 29.5930000 0.451460000 0.2237300
tmp_all 1.0000000 1.00000000 1.00000000 48.5010000 0.756480000 0.2138430
tmp_all 1.0000000 1.00000000 1.00000000 54.7370000 0.860380000 0.2083810
tmp_all 1.0000000 1.00000000 1.00000000 57.1500000 0.901400000 0.2062220
tmp_all 1.0000000 1.00000000 1.00000000 58.2790000 0.923020000 0.2030590
          newwt1_n newwt1_sen newwt1_fdr  newOmni_n newOmni_sen newOmni_fdr
tmp_all  0.3280914 0.00116129  0.1715747  0.3455645 0.001282258   0.1799145
tmp_all  1.4961977 0.01555133  0.2058707  1.5323194 0.015741445   0.2190228
tmp_all  6.8936392 0.09261731  0.2509364  7.2294056 0.098519291   0.2485975
tmp_all 10.9280000 0.15374000  0.2492630 11.4220000 0.161920000   0.2521700
tmp_all 15.6800000 0.22826000  0.2418290 16.6020000 0.242240000   0.2449710
tmp_all 20.3400000 0.30176000  0.2349490 21.5920000 0.318980000   0.2405190
tmp_all 24.7180000 0.36986000  0.2359220 26.4590000 0.396800000   0.2346540
tmp_all 27.7200000 0.41892000  0.2292550 29.4180000 0.445280000   0.2291300
tmp_all 46.8590000 0.71764000  0.2271690 48.2570000 0.746500000   0.2200450
tmp_all 53.7580000 0.82568000  0.2259640 54.7770000 0.850900000   0.2174550
tmp_all 56.8140000 0.87250000  0.2258940 57.3680000 0.894360000   0.2151680
tmp_all 58.4400000 0.89904000  0.2252100 58.9110000 0.918020000   0.2158160
            pcom_n    pcom_sen  pcom_fdr   pcomHM_n  pcomHM_sen pcomHM_fdr
tmp_all  0.3485215 0.001215054 0.1790863  0.3487903 0.001215054  0.1792207
tmp_all  1.6520913 0.017528517 0.2275266  1.6520913 0.017528517  0.2275266
tmp_all  7.5766423 0.103336809 0.2500824  7.5901981 0.103461940  0.2506767
tmp_all 12.1280000 0.174180000 0.2424050 12.1630000 0.174480000  0.2429350
tmp_all 17.8660000 0.262080000 0.2418880 17.8930000 0.262320000  0.2423470
tmp_all 22.5180000 0.335040000 0.2350850 22.5700000 0.335280000  0.2360440
tmp_all 27.7030000 0.415220000 0.2384450 27.8020000 0.416080000  0.2392210
tmp_all 30.8090000 0.464300000 0.2333630 30.8730000 0.464640000  0.2342530
tmp_all 48.7870000 0.752860000 0.2226800 48.9140000 0.753220000  0.2242850
tmp_all 54.8720000 0.850640000 0.2192180 55.0080000 0.850740000  0.2210470
tmp_all 57.0210000 0.888140000 0.2161770 57.1980000 0.888420000  0.2182940
tmp_all 58.4860000 0.909440000 0.2173120 58.6730000 0.909500000  0.2196250
            pool_n    pool_sen  pool_fdr      S16_n     S16_sen   S16_fdr
tmp_all  0.3787634 0.001330645 0.1958207  0.3623656 0.001013441 0.1968484
tmp_all  1.4885932 0.015323194 0.2106559  1.6254753 0.016844106 0.2468593
tmp_all  6.9843587 0.094953076 0.2512596  6.3076121 0.086131387 0.2403274
tmp_all 11.0990000 0.159140000 0.2400990  9.8630000 0.143260000 0.2276170
tmp_all 16.4590000 0.242060000 0.2327660 14.2150000 0.211160000 0.2287620
tmp_all 21.4720000 0.319520000 0.2353350 18.4500000 0.278020000 0.2225080
tmp_all 26.4970000 0.400560000 0.2288290 21.8330000 0.331420000 0.2256540
tmp_all 29.6440000 0.451360000 0.2258030 24.9500000 0.379520000 0.2258040
tmp_all 48.4170000 0.756660000 0.2122850 39.2300000 0.612040000 0.2121250
tmp_all 54.7450000 0.860900000 0.2081590 44.5980000 0.698080000 0.2101910
tmp_all 57.1460000 0.901620000 0.2059450 46.0770000 0.726880000 0.2048890
tmp_all 58.3730000 0.923720000 0.2038170 47.2450000 0.746320000 0.2040740
            shot_n    shot_sen  shot_fdr   J_pcom   J_pool    J_16S   J_shot
tmp_all  0.3733871 0.001252688 0.1923710 198.6077 209.5862 152.2388 168.4772
tmp_all  1.6178707 0.016349810 0.2447890 205.4278 215.0076 157.5399 175.4297
tmp_all  6.3879041 0.086027112 0.2541356 206.3827 215.0188 161.0375 177.2388
tmp_all 10.0010000 0.140680000 0.2481950 206.4620 215.4780 161.2290 175.9040
tmp_all 14.6170000 0.211800000 0.2443710 206.6070 215.2670 161.1610 176.7420
tmp_all 18.3170000 0.269700000 0.2371730 207.6410 215.9470 161.6780 178.2610
tmp_all 23.1760000 0.348580000 0.2327640 208.7650 217.2740 163.3250 176.8030
tmp_all 25.8260000 0.390340000 0.2282380 206.7180 215.2000 161.0590 175.4370
tmp_all 42.1370000 0.653060000 0.2174690 205.1610 212.8090 160.0110 174.7430
tmp_all 47.7830000 0.744940000 0.2136990 204.7210 212.1790 162.3230 174.3230
tmp_all 49.9110000 0.782840000 0.2095480 202.9050 210.0710 159.0800 175.9020
tmp_all 51.4650000 0.806180000 0.2109030 201.0650 208.5710 157.0110 172.2630
