[1] 8208   36
[1] 845  36
[1] 634  36
[1] 1000   36
[1] 1000   36
[1] 1000   36
[1] 1000   36
[1] 1000   36
        n_conf beta     p_new  p_new_wt1 p_new_omni     p_comp   p_compHM
tmp_all      0  1.0 0.0545809 0.05238791 0.04982943 0.05324074 0.08637914
tmp_all      0  1.2 0.1242604 0.13017751 0.13017751 0.10414201 0.16804734
tmp_all      0  1.3 0.3643533 0.36593060 0.38643533 0.33438486 0.42744479
tmp_all      0  1.4 0.7350000 0.68700000 0.73500000 0.67000000 0.77500000
tmp_all      0  1.5 0.9390000 0.93900000 0.95700000 0.90000000 0.95600000
tmp_all      0  1.6 0.9970000 0.99400000 0.99600000 0.97100000 0.99600000
tmp_all      0  1.7 1.0000000 0.99900000 1.00000000 0.97200000 1.00000000
tmp_all      0  1.8 1.0000000 1.00000000 1.00000000 0.97500000 1.00000000
            p_pool      p_16S     p_shot     new_n     new_sen   new_fdr
tmp_all 0.05579922 0.04922027 0.04897661 0.3356481 0.001973684 0.2074243
tmp_all 0.11242604 0.10059172 0.11715976 0.6710059 0.053254438 0.2087586
tmp_all 0.32807571 0.27917981 0.33753943 1.6735016 0.205047319 0.2206230
tmp_all 0.69500000 0.58200000 0.64600000 3.0970000 0.443000000 0.1968640
tmp_all 0.91800000 0.84100000 0.88600000 4.3900000 0.646800000 0.2058730
tmp_all 0.98900000 0.96800000 0.98000000 5.3460000 0.799000000 0.2064490
tmp_all 1.00000000 0.99700000 0.99900000 5.9310000 0.893600000 0.2038680
tmp_all 1.00000000 1.00000000 1.00000000 6.2860000 0.947600000 0.2074860
         newwt1_n  newwt1_sen newwt1_fdr newOmni_n newOmni_sen newOmni_fdr
tmp_all 0.3221248 0.001754386  0.2000180 0.3344298 0.001876218   0.2081781
tmp_all 0.6745562 0.048520710  0.2226473 0.7242604 0.056804734   0.2110592
tmp_all 1.6009464 0.191798107  0.2224401 1.7444795 0.213249211   0.2187461
tmp_all 3.0770000 0.426600000  0.2131780 3.2500000 0.456000000   0.2127830
tmp_all 4.3530000 0.636000000  0.2110670 4.4890000 0.659200000   0.2094940
tmp_all 5.3990000 0.800600000  0.2123710 5.4670000 0.814400000   0.2104140
tmp_all 5.9540000 0.897200000  0.2048770 6.0300000 0.907600000   0.2051480
tmp_all 6.3370000 0.952000000  0.2112320 6.3920000 0.960000000   0.2111670
          pcom_n    pcom_sen  pcom_fdr  pcomHM_n  pcomHM_sen pcomHM_fdr
tmp_all 0.338694 0.001681287 0.2098009 0.3390595 0.001705653  0.2098822
tmp_all 0.652071 0.043786982 0.2160166 0.6544379 0.044023669  0.2160166
tmp_all 1.436909 0.169716088 0.2074369 1.4384858 0.170031546  0.2072271
tmp_all 2.796000 0.380400000 0.2116790 2.8100000 0.382200000  0.2117060
tmp_all 4.053000 0.585800000 0.2055220 4.0590000 0.586400000  0.2054820
tmp_all 5.043000 0.746600000 0.2065550 5.0530000 0.748200000  0.2063800
tmp_all 5.706000 0.853600000 0.2069980 5.7110000 0.854200000  0.2070440
tmp_all 6.187000 0.926000000 0.2111960 6.1880000 0.926200000  0.2111630
           pool_n    pool_sen  pool_fdr     S16_n     S16_sen   S16_fdr
tmp_all 0.3581871 0.001705653 0.2237735 0.3548977 0.001949318 0.2182011
tmp_all 0.6816568 0.051124260 0.2130604 0.6366864 0.040946746 0.2121917
tmp_all 1.5520505 0.187381703 0.2170158 1.1908517 0.131230284 0.2027271
tmp_all 2.9480000 0.411400000 0.2083590 2.0980000 0.271400000 0.2095820
tmp_all 4.2230000 0.612800000 0.2123250 2.8970000 0.406400000 0.2012930
tmp_all 5.2450000 0.779800000 0.2070850 3.5220000 0.508600000 0.1997690
tmp_all 5.8230000 0.873200000 0.2055840 3.9260000 0.572800000 0.2067610
tmp_all 6.2230000 0.935800000 0.2082010 4.2620000 0.628000000 0.2043730
           shot_n    shot_sen  shot_fdr   J_pcom   J_pool    J_16S   J_shot
tmp_all 0.3546540 0.002753411 0.2214415 186.5403 196.6322 158.7568 143.7279
tmp_all 0.6686391 0.049467456 0.2285349 185.9089 196.0473 158.4414 143.0024
tmp_all 1.3706625 0.161514196 0.2096435 185.6199 195.9464 158.1625 142.6577
tmp_all 2.4140000 0.321000000 0.2199840 185.2130 195.2580 157.6750 142.2670
tmp_all 3.1240000 0.444000000 0.2052610 184.7500 194.8590 157.3970 141.9310
tmp_all 3.6200000 0.526400000 0.2033950 184.6310 194.7340 157.3820 141.5710
tmp_all 3.9660000 0.579400000 0.2054460 183.9850 194.1540 156.8830 141.0010
tmp_all 4.1340000 0.612000000 0.2009210 183.7200 193.9020 156.7540 140.8420
