[1] 8181   36
[1] 1000   36
[1] 1000   36
[1] 1000   36
[1] 1000   36
[1] 1000   36
[1] 1000   36
[1] 1000   36
[1] 1000   36
[1] 1000   36
[1] 1000   36
        n_conf beta      p_new  p_new_wt1 p_new_omni     p_comp   p_compHM
tmp_all      0  1.0 0.05304975 0.05158294 0.05023836 0.05806136 0.09130913
tmp_all      0  1.2 0.06800000 0.06900000 0.06400000 0.08300000 0.13400000
tmp_all      0  1.4 0.25500000 0.24600000 0.25300000 0.24900000 0.34700000
tmp_all      0  1.5 0.46000000 0.47300000 0.49900000 0.42400000 0.57200000
tmp_all      0  1.6 0.69000000 0.70700000 0.73700000 0.65100000 0.78900000
tmp_all      0  1.7 0.87800000 0.89900000 0.90500000 0.84100000 0.92700000
tmp_all      0  1.8 0.96600000 0.97900000 0.97900000 0.93600000 0.99000000
tmp_all      0  2.0 1.00000000 0.99800000 0.99900000 0.97700000 1.00000000
tmp_all      0  2.2 1.00000000 1.00000000 1.00000000 0.96800000 1.00000000
tmp_all      0  2.4 1.00000000 1.00000000 1.00000000 0.97800000 1.00000000
tmp_all      0  2.6 1.00000000 1.00000000 1.00000000 0.97500000 1.00000000
            p_pool      p_16S     p_shot      new_n     new_sen   new_fdr
tmp_all 0.05561667 0.05084953 0.05353869  0.3421342 0.001772399 0.1976794
tmp_all 0.08700000 0.08700000 0.07100000  0.5060000 0.006800000 0.2085090
tmp_all 0.26700000 0.21000000 0.22000000  1.6790000 0.052400000 0.1963820
tmp_all 0.45400000 0.37500000 0.35800000  3.3260000 0.116850000 0.2031420
tmp_all 0.67800000 0.56000000 0.54600000  5.7690000 0.214200000 0.2093730
tmp_all 0.88300000 0.75700000 0.73900000  8.7930000 0.339150000 0.1999050
tmp_all 0.96800000 0.88900000 0.87500000 11.4980000 0.451750000 0.1938520
tmp_all 0.99900000 0.99100000 0.98300000 16.6340000 0.656300000 0.1937320
tmp_all 1.00000000 0.99900000 0.99900000 19.8090000 0.786100000 0.1933850
tmp_all 1.00000000 1.00000000 1.00000000 21.7300000 0.866500000 0.1914530
tmp_all 1.00000000 1.00000000 1.00000000 22.9030000 0.913050000 0.1916420
        newwt1_n  newwt1_sen newwt1_fdr  newOmni_n newOmni_sen newOmni_fdr
tmp_all   0.3337 0.001705171  0.1908374  0.3494683 0.001821293   0.1972661
tmp_all   0.4840 0.006450000  0.1987140  0.5190000 0.006900000   0.2142050
tmp_all   1.6910 0.051150000  0.2207190  1.7540000 0.054300000   0.2101320
tmp_all   3.3260 0.114950000  0.2140470  3.5690000 0.125050000   0.2081100
tmp_all   5.7650 0.212300000  0.2112330  6.0910000 0.225650000   0.2129240
tmp_all   8.6250 0.332000000  0.2020820  9.0810000 0.350550000   0.2025420
tmp_all  11.3790 0.444650000  0.1956960 11.9270000 0.465800000   0.1970410
tmp_all  16.2220 0.640400000  0.1965360 16.8230000 0.665100000   0.1947810
tmp_all  19.2220 0.761650000  0.1944860 19.9160000 0.787700000   0.1963470
tmp_all  21.3400 0.846500000  0.1959660 21.7670000 0.867050000   0.1930380
tmp_all  22.6130 0.898200000  0.1940250 22.9560000 0.913650000   0.1929760
           pcom_n    pcom_sen  pcom_fdr  pcomHM_n  pcomHM_sen pcomHM_fdr
tmp_all  0.353991 0.001900746 0.1954017  0.353991 0.001900746  0.1954017
tmp_all  0.481000 0.006750000 0.1978030  0.481000 0.006750000  0.1978030
tmp_all  1.574000 0.046750000 0.2063300  1.577000 0.046850000  0.2063640
tmp_all  2.985000 0.101050000 0.2189560  2.992000 0.101350000  0.2188600
tmp_all  5.250000 0.190700000 0.2130000  5.262000 0.191100000  0.2129690
tmp_all  8.116000 0.307450000 0.2066180  8.156000 0.308900000  0.2065550
tmp_all 10.908000 0.421750000 0.2022760 10.956000 0.423300000  0.2030310
tmp_all 16.200000 0.633250000 0.2021260 16.258000 0.635050000  0.2026410
tmp_all 19.741000 0.773250000 0.2033430 19.774000 0.774100000  0.2037110
tmp_all 21.807000 0.859000000 0.2007360 21.844000 0.859550000  0.2015470
tmp_all 23.130000 0.911000000 0.2001740 23.147000 0.911250000  0.2004900
            pool_n    pool_sen  pool_fdr      S16_n     S16_sen   S16_fdr
tmp_all  0.3647476 0.001949639 0.2077838  0.3616917 0.002175773 0.2006257
tmp_all  0.5320000 0.007200000 0.2219080  0.5130000 0.007200000 0.2123970
tmp_all  1.6510000 0.049900000 0.2108640  1.3950000 0.040750000 0.2071890
tmp_all  3.1850000 0.111750000 0.2062940  2.3730000 0.079600000 0.2105940
tmp_all  5.5950000 0.207350000 0.2090750  3.9130000 0.142400000 0.2005200
tmp_all  8.6430000 0.332850000 0.2013640  5.9330000 0.225250000 0.1976520
tmp_all 11.2660000 0.442300000 0.1916340  7.9490000 0.305600000 0.2009920
tmp_all 16.3910000 0.647850000 0.1940750 12.0610000 0.472200000 0.1963630
tmp_all 19.7170000 0.779550000 0.1960680 14.8310000 0.585900000 0.1923680
tmp_all 21.6220000 0.862550000 0.1912610 16.8910000 0.669700000 0.1924270
tmp_all 22.8820000 0.910900000 0.1927810 18.3570000 0.726550000 0.1942850
           shot_n    shot_sen  shot_fdr   J_pcom  J_pool    J_16S   J_shot
tmp_all  0.376971 0.002077986 0.2098932 187.1312 197.979 154.0718 148.1167
tmp_all  0.513000 0.007700000 0.1979600 186.5730 197.459 153.5430 148.0160
tmp_all  1.353000 0.040500000 0.1853610 185.8940 196.691 153.0990 147.7490
tmp_all  2.384000 0.079900000 0.2062980 185.6490 196.459 152.9270 147.6850
tmp_all  3.907000 0.141200000 0.2036660 185.3740 196.246 152.7760 147.4780
tmp_all  5.997000 0.222600000 0.2073490 185.0790 195.850 152.5720 147.4060
tmp_all  7.903000 0.305750000 0.1933700 184.8320 195.553 152.3110 147.2960
tmp_all 11.819000 0.462800000 0.1942140 184.2700 195.067 151.8210 147.0170
tmp_all 14.698000 0.578500000 0.1957720 183.4710 194.452 151.2130 146.4930
tmp_all 16.745000 0.661650000 0.1944650 183.1280 194.066 150.8600 146.3250
tmp_all 18.105000 0.719100000 0.1919840 182.6040 193.416 150.3940 145.9690
