[1] 9208   36
[1] 1000   36
[1] 1000   36
[1] 1000   36
[1] 1000   36
[1] 1000   36
[1] 1000   36
[1] 1000   36
[1] 1000   36
[1] 1000   36
[1] 1000   36
        n_conf beta      p_new  p_new_wt1 p_new_omni     p_comp   p_compHM
tmp_all      1    1 0.06059948 0.06201129 0.06005647 0.06418332 0.09937011
tmp_all      1    6 0.38300000 0.43700000 0.43800000 0.40500000 0.52000000
tmp_all      1    7 0.46200000 0.51400000 0.51900000 0.48500000 0.63200000
tmp_all      1    8 0.54000000 0.60600000 0.61400000 0.58500000 0.72000000
tmp_all      1    9 0.64300000 0.69500000 0.70900000 0.65900000 0.78400000
tmp_all      1   10 0.73600000 0.79100000 0.79900000 0.74600000 0.85500000
tmp_all      1   20 0.97100000 0.98000000 0.98600000 0.95500000 0.99100000
tmp_all      1   30 0.99400000 0.99900000 0.99600000 0.98300000 0.99900000
tmp_all      1   40 0.99900000 1.00000000 1.00000000 0.98600000 1.00000000
tmp_all      1   50 1.00000000 1.00000000 1.00000000 0.98400000 1.00000000
tmp_all      1   60 1.00000000 1.00000000 1.00000000 0.99200000 1.00000000
            p_pool     p_16S    p_shot      new_n      new_sen   new_fdr
tmp_all 0.05690704 0.0532146 0.0621199  0.4080148 0.0006602954 0.2067459
tmp_all 0.38500000 0.2950000 0.3150000  2.9840000 0.0361600000 0.2234690
tmp_all 0.44100000 0.3850000 0.3820000  4.1640000 0.0547800000 0.2328640
tmp_all 0.54300000 0.4790000 0.4790000  5.6140000 0.0758600000 0.2360810
tmp_all 0.62900000 0.5410000 0.5230000  6.5530000 0.0913200000 0.2226880
tmp_all 0.70900000 0.6250000 0.6070000  8.2730000 0.1145400000 0.2339980
tmp_all 0.96900000 0.9220000 0.9340000 19.5270000 0.2834600000 0.2460900
tmp_all 0.99600000 0.9860000 0.9870000 26.9180000 0.4002000000 0.2399860
tmp_all 0.99900000 0.9970000 0.9970000 30.2570000 0.4464000000 0.2458360
tmp_all 1.00000000 1.0000000 1.0000000 34.9910000 0.5121600000 0.2531360
tmp_all 1.00000000 1.0000000 1.0000000 36.7320000 0.5379800000 0.2542800
         newwt1_n   newwt1_sen newwt1_fdr  newOmni_n  newOmni_sen newOmni_fdr
tmp_all  0.409318 0.0006125109  0.2155368  0.4213727 0.0006624674   0.2194613
tmp_all  3.100000 0.0395400000  0.2340310  3.1960000 0.0401800000   0.2292650
tmp_all  4.349000 0.0576600000  0.2428930  4.5600000 0.0604600000   0.2450600
tmp_all  5.770000 0.0796800000  0.2259010  6.1330000 0.0841800000   0.2233120
tmp_all  7.005000 0.0996600000  0.2231250  7.2330000 0.1014200000   0.2308190
tmp_all  9.056000 0.1272800000  0.2468900  9.4280000 0.1311600000   0.2432490
tmp_all 19.743000 0.2928200000  0.2373050 20.6870000 0.3017400000   0.2464250
tmp_all 27.185000 0.4068600000  0.2361900 28.3030000 0.4199000000   0.2424210
tmp_all 30.165000 0.4513200000  0.2377000 31.3670000 0.4637800000   0.2462800
tmp_all 34.442000 0.5121000000  0.2444460 35.7600000 0.5241200000   0.2537500
tmp_all 35.890000 0.5369400000  0.2399590 37.5720000 0.5501400000   0.2552380
            pcom_n    pcom_sen  pcom_fdr  pcomHM_n  pcomHM_sen pcomHM_fdr
tmp_all  0.4121416 0.000358384 0.2159902  0.413119 0.000358384  0.2162074
tmp_all  2.6330000 0.032100000 0.2261460  2.657000 0.032220000  0.2273530
tmp_all  3.7560000 0.049460000 0.2299290  3.775000 0.049520000  0.2313490
tmp_all  5.2920000 0.071360000 0.2290110  5.324000 0.071560000  0.2303220
tmp_all  5.9310000 0.083100000 0.2165210  5.978000 0.083420000  0.2184860
tmp_all  7.7000000 0.107040000 0.2309220  7.777000 0.107480000  0.2332660
tmp_all 17.3670000 0.256740000 0.2331020 17.509000 0.257460000  0.2364150
tmp_all 24.4260000 0.363580000 0.2378690 24.658000 0.364220000  0.2426560
tmp_all 27.2170000 0.402520000 0.2450350 27.479000 0.403360000  0.2500730
tmp_all 32.0430000 0.465480000 0.2589570 32.469000 0.466640000  0.2659800
tmp_all 33.7860000 0.489200000 0.2628990 34.189000 0.489860000  0.2700140
            pool_n     pool_sen  pool_fdr      S16_n      S16_sen   S16_fdr
tmp_all  0.4376629 0.0007276281 0.2187339  0.4031277 0.0002497828 0.2214856
tmp_all  2.9880000 0.0363800000 0.2360300  1.7390000 0.0195400000 0.2145040
tmp_all  4.1140000 0.0535800000 0.2357690  2.3780000 0.0301000000 0.2151120
tmp_all  5.6950000 0.0767000000 0.2363400  3.4570000 0.0453600000 0.2251980
tmp_all  6.4380000 0.0898800000 0.2239300  3.9510000 0.0534400000 0.2116610
tmp_all  8.2040000 0.1139000000 0.2328000  5.1170000 0.0694600000 0.2246400
tmp_all 19.3000000 0.2824000000 0.2397520 11.2830000 0.1662600000 0.2243520
tmp_all 26.8160000 0.3994200000 0.2380560 16.5830000 0.2457400000 0.2330090
tmp_all 30.2220000 0.4467600000 0.2447890 19.2160000 0.2853200000 0.2385580
tmp_all 34.7710000 0.5112400000 0.2494680 22.0770000 0.3234400000 0.2471220
tmp_all 36.7850000 0.5394400000 0.2535610 23.1300000 0.3388400000 0.2501920
            shot_n     shot_sen  shot_fdr  J_pcom   J_pool     J_16S   J_shot
tmp_all  0.4342963 0.0002823632 0.2269386 127.776 138.8364  93.56592 103.1726
tmp_all  1.9150000 0.0213800000 0.2319940 134.567 146.8020  98.28500 109.2890
tmp_all  2.7070000 0.0331600000 0.2385910 137.472 150.0020  98.96000 110.5370
tmp_all  3.8400000 0.0493200000 0.2403040 138.295 150.4890  99.65100 111.3310
tmp_all  3.8990000 0.0521600000 0.2124400 139.317 151.0390  99.76400 111.8740
tmp_all  5.2410000 0.0710600000 0.2232400 140.434 152.9970 100.81500 113.6580
tmp_all 12.3200000 0.1792400000 0.2318360 139.172 151.4170  97.37100 111.7920
tmp_all 17.2770000 0.2580000000 0.2293760 139.073 151.3730  98.70200 113.4620
tmp_all 20.0260000 0.2961600000 0.2381140 139.761 152.0140  97.57300 113.5500
tmp_all 24.1980000 0.3555000000 0.2460460 137.388 150.2400  95.59100 111.4560
tmp_all 25.5460000 0.3725400000 0.2534860 136.850 149.4390  95.30500 111.8190
