[1] 9618   36
[1] 941  36
[1] 1000   36
[1] 1000   36
[1] 1000   36
[1] 1000   36
[1] 2000   36
[1] 1000   36
        n_conf beta      p_new  p_new_wt1 p_new_omni     p_comp  p_compHM
tmp_all      1  1.0 0.05687253 0.05864005 0.05645664 0.06363069 0.1050114
tmp_all      1  1.4 0.20616366 0.21679065 0.22104145 0.22104145 0.2943677
tmp_all      1  1.5 0.35100000 0.36800000 0.38300000 0.35400000 0.4490000
tmp_all      1  1.6 0.47800000 0.51600000 0.53400000 0.49900000 0.6030000
tmp_all      1  1.7 0.67300000 0.69600000 0.72100000 0.66800000 0.7680000
tmp_all      1  1.8 0.79000000 0.83200000 0.84700000 0.80600000 0.8800000
tmp_all      1  1.9 0.89100000 0.90600000 0.92800000 0.89850000 0.9485000
tmp_all      1  2.0 0.94600000 0.96000000 0.96900000 0.94000000 0.9720000
            p_pool      p_16S     p_shot     new_n     new_sen   new_fdr
tmp_all 0.05645664 0.05448118 0.06550218 0.4150551 0.002744853 0.2198018
tmp_all 0.17959617 0.16259299 0.17853348 1.0637620 0.099043571 0.2180818
tmp_all 0.31600000 0.27200000 0.29200000 1.6000000 0.171800000 0.2263450
tmp_all 0.45100000 0.38500000 0.42100000 2.2330000 0.275600000 0.2078190
tmp_all 0.63400000 0.53000000 0.60900000 3.0470000 0.393400000 0.2253810
tmp_all 0.76100000 0.67400000 0.72500000 3.6210000 0.492400000 0.2142970
tmp_all 0.86200000 0.78250000 0.83100000 4.1535000 0.581700000 0.2194690
tmp_all 0.93200000 0.86900000 0.88600000 4.6650000 0.656600000 0.2223890
         newwt1_n  newwt1_sen newwt1_fdr newOmni_n newOmni_sen newOmni_fdr
tmp_all 0.4060096 0.002516116  0.2211103 0.4176544 0.002495321   0.2280162
tmp_all 1.0797024 0.095642933  0.2476461 1.1232731 0.105207226   0.2349639
tmp_all 1.6620000 0.180600000  0.2264770 1.8080000 0.197000000   0.2365530
tmp_all 2.2940000 0.284200000  0.2317430 2.4010000 0.296400000   0.2314950
tmp_all 3.1110000 0.405000000  0.2295090 3.2420000 0.425400000   0.2320780
tmp_all 3.7370000 0.506600000  0.2235760 3.9530000 0.531600000   0.2282650
tmp_all 4.3385000 0.608400000  0.2258035 4.4575000 0.625700000   0.2250920
tmp_all 4.9130000 0.698000000  0.2225260 5.0630000 0.712400000   0.2300050
           pcom_n    pcom_sen  pcom_fdr  pcomHM_n  pcomHM_sen pcomHM_fdr
tmp_all 0.4270119 0.002807236 0.2259373 0.4304429 0.002828031  0.2261972
tmp_all 1.1764081 0.113708820 0.2345462 1.1859724 0.114346440  0.2355919
tmp_all 1.7860000 0.193600000 0.2261810 1.8110000 0.194600000  0.2279740
tmp_all 2.3620000 0.293000000 0.2131540 2.3700000 0.293200000  0.2133030
tmp_all 3.2280000 0.426000000 0.2268000 3.2480000 0.427400000  0.2271980
tmp_all 3.9030000 0.531400000 0.2177020 3.9230000 0.532600000  0.2190180
tmp_all 4.4885000 0.628000000 0.2225605 4.5125000 0.628800000  0.2246685
tmp_all 5.0350000 0.707400000 0.2270520 5.0540000 0.708400000  0.2290050
           pool_n    pool_sen  pool_fdr     S16_n     S16_sen   S16_fdr
tmp_all 0.4369931 0.003077563 0.2288653 0.4135995 0.002412144 0.2273612
tmp_all 1.0839532 0.096705632 0.2264389 0.8544102 0.072051010 0.2201382
tmp_all 1.6120000 0.168200000 0.2262790 1.2240000 0.120000000 0.2192890
tmp_all 2.2290000 0.273600000 0.2042440 1.5790000 0.177000000 0.2191930
tmp_all 3.1010000 0.403800000 0.2217970 2.0220000 0.246800000 0.2196820
tmp_all 3.8340000 0.515200000 0.2184760 2.4440000 0.316600000 0.2114690
tmp_all 4.3245000 0.608200000 0.2168580 2.7770000 0.369500000 0.2201765
tmp_all 4.9410000 0.696800000 0.2235840 3.1400000 0.423400000 0.2174720
          shot_n   shot_sen  shot_fdr   J_pcom   J_pool    J_16S   J_shot
tmp_all 0.426596 0.00239135 0.2288623 127.3134 136.9058 99.50104 104.8414
tmp_all 0.978746 0.08331562 0.2377088 125.5951 135.2710 98.68863 103.4123
tmp_all 1.385000 0.13780000 0.2419940 125.3670 135.0190 98.33100 103.5900
tmp_all 1.837000 0.21380000 0.2206000 125.1690 134.8220 98.35100 103.4360
tmp_all 2.416000 0.30620000 0.2220160 124.3590 133.9310 97.67600 102.8260
tmp_all 2.870000 0.37300000 0.2278800 124.3790 134.0140 97.89800 102.7340
tmp_all 3.207500 0.43440000 0.2180870 123.8690 133.6015 97.37500 102.4690
tmp_all 3.572000 0.48460000 0.2275880 123.4700 133.2480 97.01400 102.4260
