[1] 9965   36
[1] 895  36
[1] 1000   36
[1] 1000   36
[1] 1000   36
[1] 1000   36
[1] 1000   36
[1] 1000   36
[1] 1000   36
        n_conf beta      p_new  p_new_wt1 p_new_omni     p_comp   p_compHM
tmp_all      1  1.0 0.05900652 0.06061214  0.0574009 0.05950828 0.09894631
tmp_all      1  1.6 0.16424581 0.20893855  0.1888268 0.20223464 0.27821229
tmp_all      1  1.8 0.29200000 0.35400000  0.3390000 0.33900000 0.46200000
tmp_all      1  2.0 0.43700000 0.51900000  0.5270000 0.52900000 0.67900000
tmp_all      1  2.2 0.61100000 0.73000000  0.7350000 0.71700000 0.83100000
tmp_all      1  2.4 0.79400000 0.87400000  0.8830000 0.85200000 0.93800000
tmp_all      1  2.6 0.87300000 0.94000000  0.9510000 0.92400000 0.97200000
tmp_all      1  2.8 0.93100000 0.97100000  0.9700000 0.97000000 0.99100000
tmp_all      1  3.0 0.96900000 0.98800000  0.9910000 0.97800000 0.99600000
            p_pool      p_16S     p_shot      new_n    new_sen   new_fdr
tmp_all 0.06061214 0.05429002 0.06442549  0.4257903 0.00263422 0.2050452
tmp_all 0.14972067 0.17094972 0.15195531  1.2033520 0.02815642 0.2219508
tmp_all 0.26800000 0.26300000 0.27100000  2.2500000 0.06585000 0.2325770
tmp_all 0.45300000 0.41500000 0.42200000  3.7430000 0.12245000 0.2374340
tmp_all 0.59900000 0.60000000 0.58100000  6.1960000 0.21325000 0.2398150
tmp_all 0.79300000 0.74400000 0.74400000  8.7530000 0.31095000 0.2434500
tmp_all 0.86000000 0.84800000 0.82500000 10.9910000 0.39970000 0.2400900
tmp_all 0.93600000 0.90500000 0.91400000 13.1950000 0.49290000 0.2234250
tmp_all 0.98100000 0.95900000 0.95800000 15.4030000 0.57130000 0.2292660
          newwt1_n  newwt1_sen newwt1_fdr  newOmni_n newOmni_sen newOmni_fdr
tmp_all  0.4138485 0.002373307  0.2145969  0.4339187 0.002418465   0.2216914
tmp_all  1.3966480 0.035810056  0.2396637  1.3932961 0.034581006   0.2402961
tmp_all  2.7540000 0.085450000  0.2353750  2.7620000 0.083950000   0.2403540
tmp_all  4.5370000 0.156100000  0.2393660  4.4080000 0.149850000   0.2335180
tmp_all  7.6350000 0.270800000  0.2502820  7.7780000 0.270950000   0.2508530
tmp_all 10.2780000 0.371850000  0.2446620 10.3370000 0.373600000   0.2416790
tmp_all 12.7520000 0.473400000  0.2298070 12.8490000 0.472650000   0.2354930
tmp_all 14.9100000 0.563250000  0.2225390 15.1010000 0.566100000   0.2248710
tmp_all 17.0300000 0.640950000  0.2264100 17.0500000 0.640400000   0.2252530
            pcom_n    pcom_sen  pcom_fdr   pcomHM_n  pcomHM_sen pcomHM_fdr
tmp_all  0.4172604 0.002684395 0.2006389  0.4190667 0.002699448  0.2009428
tmp_all  1.3340782 0.033854749 0.2303307  1.3351955 0.033854749  0.2304425
tmp_all  2.5360000 0.079750000 0.2248180  2.5740000 0.080400000  0.2276590
tmp_all  4.6950000 0.155500000 0.2467270  4.7470000 0.156350000  0.2483980
tmp_all  7.5500000 0.263750000 0.2445380  7.6420000 0.265550000  0.2473670
tmp_all 10.3600000 0.374950000 0.2356230 10.4840000 0.377200000  0.2386240
tmp_all 13.2060000 0.482200000 0.2419180 13.3360000 0.483700000  0.2447300
tmp_all 15.4910000 0.578300000 0.2300290 15.6130000 0.579600000  0.2339410
tmp_all 17.5390000 0.657400000 0.2269150 17.6660000 0.658600000  0.2299730
            pool_n    pool_sen  pool_fdr      S16_n     S16_sen   S16_fdr
tmp_all  0.4592072 0.002829905 0.2181194  0.3929754 0.002799799 0.1935324
tmp_all  1.2212291 0.029050279 0.2324670  1.1050279 0.026703911 0.2169028
tmp_all  2.2620000 0.066650000 0.2360510  1.8750000 0.055400000 0.2154550
tmp_all  3.8440000 0.124050000 0.2381760  3.2880000 0.105950000 0.2193120
tmp_all  6.2520000 0.214750000 0.2417770  4.9930000 0.172600000 0.2363700
tmp_all  8.8810000 0.315350000 0.2360020  6.6860000 0.238100000 0.2303790
tmp_all 11.1530000 0.404650000 0.2384730  8.8470000 0.322000000 0.2310240
tmp_all 13.3440000 0.496650000 0.2249190 10.4650000 0.388600000 0.2249440
tmp_all 15.5530000 0.579600000 0.2268430 11.8430000 0.445450000 0.2203240
            shot_n    shot_sen  shot_fdr   J_pcom   J_pool    J_16S   J_shot
tmp_all  0.4541897 0.002794782 0.2177170 132.6581 143.6602 95.06503 107.5327
tmp_all  1.0938547 0.025307263 0.2266961 130.6235 141.7587 92.95978 106.1765
tmp_all  1.9320000 0.056500000 0.2105220 129.8250 140.9340 92.19900 105.7010
tmp_all  3.1160000 0.096700000 0.2384860 129.3730 140.4450 91.71400 105.3450
tmp_all  4.9140000 0.164350000 0.2468710 128.7920 139.9490 91.13200 104.9900
tmp_all  6.5970000 0.230850000 0.2284460 127.9980 139.1200 90.51300 104.4070
tmp_all  8.2400000 0.293350000 0.2420910 127.6460 138.8400 90.13600 104.2060
tmp_all  9.8770000 0.361000000 0.2257140 126.8790 138.1500 89.41500 103.7100
tmp_all 11.5180000 0.421900000 0.2311990 126.3930 137.5800 89.02800 103.3760
