[1] 4878   38
[1] 877  38
[1] 925  38
[1] 1000   38
[1] 1000   38
[1] 1000   38
[1] 1000   38
[1] 1000   38
        n_conf beta  p_new3_wc  p_new3_we p_new3_omni  p_new2_wc p_new2_we
tmp_all      0  1.0 0.05207052 0.04407544  0.04879049 0.08528085 0.0598606
tmp_all      0  1.4 0.08095781 0.09692132  0.08665906         NA        NA
tmp_all      0  1.6 0.18486486 0.24540541  0.22270270         NA        NA
tmp_all      0  1.8 0.32900000 0.43300000  0.42800000         NA        NA
tmp_all      0  2.0 0.51000000 0.68500000  0.67000000         NA        NA
tmp_all      0  2.2 0.72100000 0.86200000  0.86200000         NA        NA
tmp_all      0  2.4 0.84700000 0.94900000  0.95200000         NA        NA
tmp_all      0  2.6 0.94500000 0.99200000  0.99000000         NA        NA
        p_new2_omni  p_new1_wc p_new1_we p_new1_omni     p_comp   p_compHM
tmp_all  0.07195572 0.09758098  0.197417   0.1459615 0.04653547 0.07400574
tmp_all          NA         NA        NA          NA 0.12086659 0.17787913
tmp_all          NA         NA        NA          NA 0.24108108 0.34378378
tmp_all          NA         NA        NA          NA 0.43300000 0.58800000
tmp_all          NA         NA        NA          NA 0.66800000 0.80300000
tmp_all          NA         NA        NA          NA 0.87000000 0.93500000
tmp_all          NA         NA        NA          NA 0.94100000 0.98700000
tmp_all          NA         NA        NA          NA 0.96900000 0.99900000
           p_pool      p_16S     p_shot      new_n     new_sen   new_fdr
tmp_all 0.5190652 0.04858549 0.04551046  0.3093481 0.002388274 0.1723684
tmp_all 0.8129989 0.11060433 0.08437856  0.5803877 0.010946408 0.1893767
tmp_all 0.9264865 0.22270270 0.15891892  1.1740541 0.032594595 0.1977179
tmp_all 0.9730000 0.41700000 0.29500000  2.3490000 0.077300000 0.2126587
tmp_all 0.9930000 0.62000000 0.43700000  4.0990000 0.145800000 0.2178261
tmp_all 0.9970000 0.81100000 0.64900000  6.5710000 0.244750000 0.2171775
tmp_all 1.0000000 0.92900000 0.76100000  9.1830000 0.356200000 0.1950990
tmp_all 1.0000000 0.98700000 0.88400000 12.1430000 0.465450000 0.2124457
          newwt1_n  newwt1_sen newwt1_fdr  newOmni_n newOmni_sen newOmni_fdr
tmp_all  0.3343583 0.002562526  0.1783577  0.3316933 0.002296023   0.1816160
tmp_all  0.6852908 0.014595211  0.1879704  0.6294185 0.012656784   0.1927947
tmp_all  1.5740541 0.046216216  0.2117040  1.4897297 0.043081081   0.2034595
tmp_all  3.3140000 0.115300000  0.1996771  3.0590000 0.105800000   0.2047880
tmp_all  5.9750000 0.223000000  0.2027025  5.7920000 0.214000000   0.2092035
tmp_all  9.1360000 0.351150000  0.2037427  8.8450000 0.337500000   0.2118725
tmp_all 12.4940000 0.485800000  0.1994806 12.0680000 0.470150000   0.2000686
tmp_all 15.0390000 0.588600000  0.2028542 14.7200000 0.574700000   0.2027068
            pcom_n    pcom_sen  pcom_fdr   pcomHM_n  pcomHM_sen pcomHM_fdr
tmp_all  0.3173432 0.002070521 0.1816313  0.3206232 0.002091021  0.1819918
tmp_all  0.6442417 0.013397948 0.1905857  0.6579247 0.013797035  0.1910038
tmp_all  1.5459459 0.045945946 0.1983614  1.5664865 0.046216216  0.2000150
tmp_all  3.2920000 0.111500000 0.2175235  3.3600000 0.113100000  0.2201390
tmp_all  5.9360000 0.218950000 0.2096746  5.9930000 0.220000000  0.2116025
tmp_all  9.6810000 0.362750000 0.2161668  9.7960000 0.365000000  0.2193184
tmp_all 12.8890000 0.495150000 0.2087333 13.0350000 0.497800000  0.2118344
tmp_all 15.8550000 0.610650000 0.2122071 16.0150000 0.612600000  0.2167153
           pool_n   pool_sen  pool_fdr      S16_n     S16_sen   S16_fdr
tmp_all  4.481960 0.08102706 0.5096015  0.3552686 0.002757278 0.1928712
tmp_all  7.533637 0.18209806 0.4448985  0.6818700 0.015450399 0.1916300
tmp_all  9.158919 0.23821622 0.4365528  1.4259459 0.041621622 0.2080641
tmp_all 11.512000 0.31015000 0.4202376  2.7670000 0.094750000 0.2097005
tmp_all 13.519000 0.38280000 0.3991309  4.8200000 0.176650000 0.2058423
tmp_all 15.878000 0.45710000 0.3981453  7.3550000 0.276750000 0.2108895
tmp_all 17.898000 0.53325000 0.3821120 10.0750000 0.383950000 0.2119192
tmp_all 20.065000 0.60420000 0.3779574 12.1570000 0.467400000 0.2119515
           shot_n    shot_sen  shot_fdr
tmp_all 0.3407134 0.002183272 0.1932276
tmp_all 0.6214367 0.010832383 0.2139532
tmp_all 1.0172973 0.025351351 0.1998949
tmp_all 1.8240000 0.055000000 0.2132303
tmp_all 2.8210000 0.096200000 0.2092731
tmp_all 4.6150000 0.163000000 0.2194961
tmp_all 6.0470000 0.226450000 0.2061257
tmp_all 8.0000000 0.298700000 0.2159070
