[1] 6163   38
[1] 843  38
[1] 961  38
[1] 995  38
[1] 1000   38
[1] 1000   38
[1] 1000   38
[1] 1000   38
[1] 1000   38
[1] 1000   38
[1] 1000   38
        n_conf beta  p_new3_wc  p_new3_we p_new3_omni  p_new2_wc  p_new2_we
tmp_all      0    1 0.04867759 0.05289632  0.04948889 0.07155606 0.05711504
tmp_all      0    5 0.22064057 0.24199288  0.23843416         NA         NA
tmp_all      0    6 0.33610822 0.35171696  0.35483871         NA         NA
tmp_all      0    7 0.40000000 0.45929648  0.44623116         NA         NA
tmp_all      0    8 0.51200000 0.55600000  0.55200000         NA         NA
tmp_all      0    9 0.55700000 0.60200000  0.60700000         NA         NA
tmp_all      0   10 0.66300000 0.72500000  0.74200000         NA         NA
tmp_all      0   20 0.97300000 0.97900000  0.98500000         NA         NA
tmp_all      0   30 0.99900000 1.00000000  1.00000000         NA         NA
tmp_all      0   40 1.00000000 1.00000000  1.00000000         NA         NA
tmp_all      0   50 1.00000000 1.00000000  1.00000000         NA         NA
        p_new2_omni  p_new1_wc p_new1_we p_new1_omni     p_comp   p_compHM
tmp_all  0.06766185 0.09881551 0.1835145   0.1481421 0.05078695 0.08096706
tmp_all          NA         NA        NA          NA 0.19928826 0.29062871
tmp_all          NA         NA        NA          NA 0.30905307 0.44849116
tmp_all          NA         NA        NA          NA 0.38793970 0.54170854
tmp_all          NA         NA        NA          NA 0.48500000 0.64800000
tmp_all          NA         NA        NA          NA 0.59300000 0.74100000
tmp_all          NA         NA        NA          NA 0.68100000 0.83000000
tmp_all          NA         NA        NA          NA 0.96900000 0.99700000
tmp_all          NA         NA        NA          NA 0.98600000 1.00000000
tmp_all          NA         NA        NA          NA 0.98200000 1.00000000
tmp_all          NA         NA        NA          NA 0.99200000 1.00000000
           p_pool      p_16S     p_shot      new_n      new_sen   new_fdr
tmp_all 0.4491319 0.04478338 0.04867759  0.3370112 0.0003829304 0.1993510
tmp_all 0.5587189 0.19217082 0.15539739  1.6595492 0.0197153025 0.2039813
tmp_all 0.6441207 0.27679501 0.20083247  2.5952133 0.0328199792 0.2136590
tmp_all 0.7005025 0.34572864 0.26030151  3.5889447 0.0490050251 0.1999719
tmp_all 0.8150000 0.42500000 0.29700000  4.6480000 0.0649600000 0.2226836
tmp_all 0.8160000 0.49200000 0.38100000  5.7830000 0.0831000000 0.2154554
tmp_all 0.8610000 0.60600000 0.43700000  7.1700000 0.1050000000 0.2126709
tmp_all 0.9970000 0.96700000 0.83900000 18.3750000 0.2785400000 0.2225678
tmp_all 1.0000000 1.00000000 0.96700000 27.3480000 0.4140400000 0.2307983
tmp_all 1.0000000 1.00000000 0.99100000 30.9350000 0.4635200000 0.2406011
tmp_all 1.0000000 1.00000000 0.99900000 34.3480000 0.5062800000 0.2536360
          newwt1_n   newwt1_sen newwt1_fdr  newOmni_n  newOmni_sen newOmni_fdr
tmp_all  0.3537238 0.0004153821  0.2012397  0.3524258 0.0004088918   0.2055802
tmp_all  1.8552788 0.0229655991  0.2057047  1.8149466 0.0226809015   0.1972408
tmp_all  2.8668054 0.0373985432  0.1964752  2.7970864 0.0363995838   0.2082119
tmp_all  4.1075377 0.0572864322  0.1986935  3.9969849 0.0552562814   0.2021555
tmp_all  5.2670000 0.0755600000  0.2108010  5.1430000 0.0729200000   0.2209342
tmp_all  6.5720000 0.0949400000  0.2131119  6.5090000 0.0937600000   0.2163730
tmp_all  8.2960000 0.1213600000  0.2172452  8.0820000 0.1194000000   0.2141882
tmp_all 18.9280000 0.2911200000  0.2116044 19.2530000 0.2920000000   0.2236535
tmp_all 26.9470000 0.4167400000  0.2140230 27.7940000 0.4233000000   0.2257310
tmp_all 30.1010000 0.4601200000  0.2257557 31.1400000 0.4690800000   0.2368281
tmp_all 33.1140000 0.5013000000  0.2326714 34.4970000 0.5111600000   0.2499970
            pcom_n     pcom_sen  pcom_fdr  pcomHM_n   pcomHM_sen pcomHM_fdr
tmp_all  0.3065066 0.0003439883 0.1885105  0.309265 0.0003504787  0.1891866
tmp_all  1.4816133 0.0179122183 0.1940393  1.507711 0.0181020166  0.1963974
tmp_all  2.4505723 0.0316337149 0.2117291  2.488033 0.0321123829  0.2126441
tmp_all  3.5206030 0.0484221106 0.1918768  3.558794 0.0488241206  0.1930011
tmp_all  4.7170000 0.0662800000 0.2051115  4.776000 0.0666600000  0.2078272
tmp_all  5.9280000 0.0867400000 0.2048697  5.981000 0.0871400000  0.2062706
tmp_all  7.7830000 0.1143800000 0.2097520  7.875000 0.1150800000  0.2122150
tmp_all 19.8450000 0.3002800000 0.2268700 20.091000 0.3011000000  0.2331241
tmp_all 28.9680000 0.4339800000 0.2395460 29.336000 0.4348200000  0.2467538
tmp_all 31.9730000 0.4713000000 0.2539443 32.405000 0.4719600000  0.2623320
tmp_all 35.8780000 0.5138200000 0.2744879 36.379000 0.5144200000  0.2831463
           pool_n    pool_sen  pool_fdr      S16_n      S16_sen   S16_fdr
tmp_all  3.455298 0.001083888 0.7601544  0.3394451 0.0002239169 0.2067214
tmp_all  5.934757 0.036132859 0.5954045  1.2823250 0.0145670225 0.2042506
tmp_all  7.688866 0.053194589 0.5886721  1.9240375 0.0238293444 0.2084026
tmp_all  9.026131 0.071839196 0.5420031  2.7889447 0.0372864322 0.2012620
tmp_all 11.165000 0.098520000 0.5154058  3.9050000 0.0545200000 0.2096521
tmp_all 11.897000 0.113060000 0.4821669  4.6410000 0.0666200000 0.1961733
tmp_all 13.594000 0.132840000 0.4741826  6.1470000 0.0897400000 0.2122072
tmp_all 23.277000 0.273680000 0.3936885 15.3390000 0.2391800000 0.1973265
tmp_all 30.857000 0.374420000 0.3799028 22.3510000 0.3503000000 0.2013544
tmp_all 32.059000 0.393720000 0.3740574 23.8420000 0.3704000000 0.2097899
tmp_all 35.648000 0.433040000 0.3828919 27.0210000 0.4149000000 0.2210923
            shot_n     shot_sen  shot_fdr
tmp_all  0.3400941 0.0003472335 0.2095239
tmp_all  1.0011862 0.0105338078 0.1992492
tmp_all  1.4245578 0.0159833507 0.2122653
tmp_all  1.8341709 0.0221909548 0.2029724
tmp_all  2.2000000 0.0274800000 0.2139712
tmp_all  2.7180000 0.0351200000 0.2304318
tmp_all  3.4190000 0.0459000000 0.2243588
tmp_all  8.9800000 0.1262400000 0.2515379
tmp_all 14.3820000 0.2013200000 0.2708133
tmp_all 17.0530000 0.2350000000 0.2906036
tmp_all 19.8150000 0.2649600000 0.3125003
