[1] 6818   38
[1] 914  38
[1] 933  38
[1] 939  38
[1] 1000   38
[1] 1000   38
[1] 1000   38
[1] 1000   38
        n_conf beta  p_new3_wc  p_new3_we p_new3_omni  p_new2_wc  p_new2_we
tmp_all      0  1.0 0.05148137 0.05368143  0.04781461 0.07142857 0.06013494
tmp_all      0  1.2 0.07111597 0.07877462  0.07658643         NA         NA
tmp_all      0  1.3 0.10289389 0.13719185  0.12433012         NA         NA
tmp_all      0  1.4 0.23855165 0.25772098  0.26091587         NA         NA
tmp_all      0  1.5 0.36900000 0.43500000  0.45300000         NA         NA
tmp_all      0  1.6 0.58400000 0.65200000  0.67500000         NA         NA
tmp_all      0  1.7 0.72100000 0.83200000  0.81500000         NA         NA
tmp_all      0  1.8 0.86200000 0.92800000  0.94200000         NA         NA
        p_new2_omni  p_new1_wc p_new1_we p_new1_omni     p_comp   p_compHM
tmp_all  0.06761514 0.09929598 0.1940452   0.1478439 0.05646817 0.08330889
tmp_all          NA         NA        NA          NA 0.08315098 0.11925602
tmp_all          NA         NA        NA          NA 0.12325831 0.18220793
tmp_all          NA         NA        NA          NA 0.23429180 0.33546326
tmp_all          NA         NA        NA          NA 0.45200000 0.54600000
tmp_all          NA         NA        NA          NA 0.63400000 0.75100000
tmp_all          NA         NA        NA          NA 0.80600000 0.88100000
tmp_all          NA         NA        NA          NA 0.91400000 0.96800000
           p_pool      p_16S     p_shot     new_n     new_sen   new_fdr
tmp_all 0.5588149 0.05412144 0.05602816 0.3383690 0.002845409 0.2052684
tmp_all 0.7888403 0.07330416 0.07330416 0.4234136 0.019693654 0.1962072
tmp_all 0.8821008 0.11897106 0.10075027 0.6420150 0.045659164 0.1987928
tmp_all 0.9382322 0.25133120 0.17465389 1.0223642 0.107987220 0.2079639
tmp_all 0.9750000 0.41100000 0.28200000 1.6920000 0.208800000 0.2049277
tmp_all 0.9860000 0.60000000 0.42500000 2.4070000 0.324800000 0.2009520
tmp_all 0.9990000 0.78500000 0.56000000 2.9550000 0.423400000 0.1917673
tmp_all 1.0000000 0.90100000 0.69200000 3.8360000 0.560200000 0.2012990
         newwt1_n  newwt1_sen newwt1_fdr newOmni_n newOmni_sen newOmni_fdr
tmp_all 0.3401291 0.002698739  0.2059105 0.3589029 0.003080082   0.2145339
tmp_all 0.3840263 0.019256018  0.1804340 0.4321663 0.021444201   0.2056658
tmp_all 0.6698821 0.052947481  0.1997014 0.7020364 0.054448017   0.2073419
tmp_all 1.1544196 0.125665602  0.2076625 1.2268371 0.135250266   0.2226875
tmp_all 1.7500000 0.223000000  0.2028303 1.8830000 0.238400000   0.2091801
tmp_all 2.4340000 0.336800000  0.1954307 2.6140000 0.358200000   0.2045560
tmp_all 3.0820000 0.449400000  0.1845085 3.2690000 0.473600000   0.1924231
tmp_all 3.8260000 0.565800000  0.1957569 4.1150000 0.601400000   0.2057308
           pcom_n    pcom_sen  pcom_fdr  pcomHM_n  pcomHM_sen pcomHM_fdr
tmp_all 0.3264887 0.002405397 0.2008968 0.3320622 0.002434732  0.2018942
tmp_all 0.4573304 0.022319475 0.2068016 0.4573304 0.022319475  0.2068016
tmp_all 0.7395498 0.056591640 0.2106692 0.7427653 0.056806002  0.2102290
tmp_all 1.3429180 0.143130990 0.2161540 1.3535676 0.143769968  0.2159884
tmp_all 1.9990000 0.255000000 0.2080082 2.0070000 0.255200000  0.2093441
tmp_all 2.8250000 0.388000000 0.2025800 2.8530000 0.389400000  0.2047932
tmp_all 3.4930000 0.502400000 0.2025362 3.5080000 0.503400000  0.2031541
tmp_all 4.3100000 0.629000000 0.2023611 4.3340000 0.630000000  0.2045741
          pool_n  pool_sen  pool_fdr     S16_n     S16_sen   S16_fdr    shot_n
tmp_all 4.257700 0.2176885 0.5918504 0.3433558 0.002082722 0.2112289 0.3594896
tmp_all 5.074398 0.3201313 0.5660634 0.4179431 0.017943107 0.2042201 0.4551422
tmp_all 5.665595 0.3627010 0.5764983 0.6773848 0.051875670 0.2093503 0.5680600
tmp_all 5.913738 0.4181044 0.5469595 1.1160809 0.117358892 0.2230437 0.9169329
tmp_all 6.707000 0.4862000 0.5443926 1.5900000 0.196000000 0.2047592 1.3740000
tmp_all 7.046000 0.5474000 0.5271431 2.0870000 0.277000000 0.2082149 1.7960000
tmp_all 7.720000 0.6062000 0.5338157 2.5030000 0.353000000 0.1948672 2.2000000
tmp_all 8.083000 0.6658000 0.5187466 2.9040000 0.422400000 0.1872365 2.7080000
           shot_sen  shot_fdr
tmp_all 0.002288061 0.2204001
tmp_all 0.016849015 0.2217360
tmp_all 0.035798499 0.1967939
tmp_all 0.079020234 0.2356994
tmp_all 0.143200000 0.2307999
tmp_all 0.220600000 0.2094141
tmp_all 0.282000000 0.2268189
tmp_all 0.365200000 0.2194156
