[1] 9963   36
[1] 963  36
[1] 1000   36
[1] 1000   36
[1] 1000   36
[1] 1000   36
[1] 1000   36
[1] 1000   36
[1] 1000   36
[1] 1000   36
[1] 1000   36
[1] 1000   36
        n_conf beta      p_new  p_new_wt1 p_new_omni     p_comp   p_compHM
tmp_all      0    1 0.05500351 0.05058717 0.04938272 0.05038643 0.08230453
tmp_all      0    3 0.13499481 0.12461059 0.12876428 0.12461059 0.18587747
tmp_all      0    5 0.36700000 0.36700000 0.39200000 0.35400000 0.51200000
tmp_all      0    6 0.53400000 0.56100000 0.59300000 0.53500000 0.70900000
tmp_all      0    7 0.63500000 0.66300000 0.69900000 0.64300000 0.80000000
tmp_all      0    8 0.79000000 0.81600000 0.85100000 0.81800000 0.91300000
tmp_all      0    9 0.84900000 0.86200000 0.89800000 0.85400000 0.95500000
tmp_all      0   10 0.88500000 0.88900000 0.92200000 0.88900000 0.97700000
tmp_all      0   20 1.00000000 1.00000000 1.00000000 0.98400000 1.00000000
tmp_all      0   30 1.00000000 1.00000000 1.00000000 0.98600000 1.00000000
tmp_all      0   40 1.00000000 1.00000000 1.00000000 0.98600000 1.00000000
tmp_all      0   50 1.00000000 1.00000000 1.00000000 0.98300000 1.00000000
            p_pool      p_16S     p_shot      new_n      new_sen   new_fdr
tmp_all 0.05670983 0.04707417 0.05269497  0.3321289 0.0004797752 0.1994949
tmp_all 0.13291796 0.10695742 0.10072690  0.9221184 0.0087227414 0.2044164
tmp_all 0.35100000 0.28900000 0.28000000  3.3520000 0.0452400000 0.2196760
tmp_all 0.54600000 0.46700000 0.41800000  5.5660000 0.0799000000 0.2079900
tmp_all 0.62400000 0.56100000 0.50900000  7.1770000 0.1046600000 0.2149550
tmp_all 0.78200000 0.73900000 0.68600000 10.5750000 0.1580400000 0.2129530
tmp_all 0.85200000 0.79100000 0.74900000 12.4660000 0.1877400000 0.2161110
tmp_all 0.88100000 0.81500000 0.82300000 14.0810000 0.2145200000 0.2082180
tmp_all 1.00000000 0.99900000 0.99900000 29.9290000 0.4649200000 0.2124250
tmp_all 1.00000000 1.00000000 1.00000000 36.2020000 0.5582200000 0.2203440
tmp_all 1.00000000 1.00000000 1.00000000 39.2200000 0.6022200000 0.2241770
tmp_all 1.00000000 1.00000000 1.00000000 41.0060000 0.6222600000 0.2327960
          newwt1_n   newwt1_sen newwt1_fdr  newOmni_n  newOmni_sen newOmni_fdr
tmp_all  0.3269096 0.0004597009  0.1960125  0.3358426 0.0004878049   0.2060551
tmp_all  0.9293873 0.0092004154  0.2078847  0.9522326 0.0094496366   0.1998390
tmp_all  3.4980000 0.0476400000  0.2142960  3.6650000 0.0501400000   0.2251870
tmp_all  5.7180000 0.0831200000  0.2034520  5.9490000 0.0862800000   0.2076400
tmp_all  7.4470000 0.1101000000  0.2038000  7.6660000 0.1136000000   0.2088030
tmp_all 10.9900000 0.1642800000  0.2158750 11.4220000 0.1698000000   0.2175020
tmp_all 12.7960000 0.1939600000  0.2123000 13.0800000 0.1987400000   0.2090580
tmp_all 14.3270000 0.2188200000  0.2096070 14.6870000 0.2244800000   0.2083600
tmp_all 29.3540000 0.4561200000  0.2132720 30.4060000 0.4695400000   0.2171910
tmp_all 35.6760000 0.5487800000  0.2217010 36.7710000 0.5611600000   0.2287950
tmp_all 38.2920000 0.5913400000  0.2203920 39.4810000 0.6024400000   0.2290780
tmp_all 40.0050000 0.6128000000  0.2260000 41.1810000 0.6221800000   0.2367570
            pcom_n     pcom_sen  pcom_fdr   pcomHM_n   pcomHM_sen pcomHM_fdr
tmp_all  0.3234969 0.0003171735 0.1983602  0.3246010 0.0003171735  0.1986638
tmp_all  0.7912773 0.0073935618 0.1852181  0.7964694 0.0074558671  0.1852181
tmp_all  2.8560000 0.0392200000 0.2025230  2.8750000 0.0393600000  0.2041300
tmp_all  4.7860000 0.0708600000 0.1816910  4.8100000 0.0710200000  0.1824880
tmp_all  6.4510000 0.0953800000 0.2017100  6.4920000 0.0955800000  0.2036700
tmp_all  9.5150000 0.1435600000 0.2061600  9.5780000 0.1439800000  0.2076190
tmp_all 11.0060000 0.1673200000 0.2050420 11.0730000 0.1676600000  0.2077380
tmp_all 12.2010000 0.1884600000 0.1971350 12.3170000 0.1891000000  0.2006810
tmp_all 26.0740000 0.4062000000 0.2102850 26.2810000 0.4066600000  0.2152490
tmp_all 31.4210000 0.4851600000 0.2190150 31.7340000 0.4855600000  0.2253770
tmp_all 34.4170000 0.5253400000 0.2288550 34.7820000 0.5255600000  0.2362460
tmp_all 36.3240000 0.5448800000 0.2412790 36.7600000 0.5450600000  0.2494180
           pool_n     pool_sen  pool_fdr      S16_n      S16_sen   S16_fdr
tmp_all  0.354311 0.0005299609 0.2116098  0.3412627 0.0002007427 0.2133762
tmp_all  0.960540 0.0088681205 0.2227321  0.6957425 0.0060851506 0.1862243
tmp_all  3.335000 0.0455600000 0.2150670  2.0280000 0.0266400000 0.2004760
tmp_all  5.566000 0.0800600000 0.2059760  3.2890000 0.0470600000 0.1828110
tmp_all  7.174000 0.1056400000 0.2107670  4.3310000 0.0622200000 0.2040090
tmp_all 10.570000 0.1581400000 0.2131060  6.4890000 0.0953600000 0.2032130
tmp_all 12.381000 0.1875200000 0.2117720  6.9900000 0.1049400000 0.2057810
tmp_all 13.953000 0.2139800000 0.2048530  7.3110000 0.1115400000 0.1921700
tmp_all 29.970000 0.4656600000 0.2125260 17.2080000 0.2670600000 0.2070450
tmp_all 36.215000 0.5585000000 0.2204430 21.9740000 0.3391800000 0.2149520
tmp_all 39.184000 0.6024200000 0.2233850 23.2290000 0.3552600000 0.2236660
tmp_all 40.999000 0.6228800000 0.2320900 25.2730000 0.3800200000 0.2362650
            shot_n     shot_sen  shot_fdr   J_pcom   J_pool    J_16S   J_shot
tmp_all  0.3507980 0.0002689953 0.2180590 128.6455 139.7429  94.0802 103.9455
tmp_all  0.6998962 0.0050674974 0.2152285 133.3707 145.4746  97.8837 108.1765
tmp_all  1.9170000 0.0246200000 0.2126570 137.3630 149.8150  98.5820 112.0070
tmp_all  3.1930000 0.0449600000 0.1844780 136.6380 148.7860  99.8740 109.4990
tmp_all  4.0660000 0.0585000000 0.1901870 137.1120 148.9970  98.2810 111.4690
tmp_all  6.2040000 0.0915200000 0.2026650 139.9660 151.9080 100.5340 111.5300
tmp_all  7.1460000 0.1064600000 0.1992300 138.4700 150.8130  98.7630 111.6900
tmp_all  8.5550000 0.1282200000 0.2078970 139.5950 152.1120 101.2540 113.1860
tmp_all 19.4470000 0.3019400000 0.2076770 140.7720 152.9620  99.4130 115.6230
tmp_all 23.3250000 0.3600400000 0.2162600 139.3800 151.7910  99.2430 113.2380
tmp_all 26.3600000 0.4040800000 0.2223080 138.2510 150.5520  96.7740 113.6200
tmp_all 27.9550000 0.4240200000 0.2292300 138.9920 151.3650  99.3080 113.5220
