[1] 10000    36
[1] 1000   36
[1] 1000   36
[1] 1000   36
[1] 1000   36
[1] 1000   36
[1] 1000   36
[1] 1000   36
[1] 1000   36
        n_conf beta  p_new p_new_wt1 p_new_omni p_comp p_compHM p_pool p_16S
tmp_all      0  1.0 0.0476    0.0466      0.046 0.0476   0.0808  0.049 0.050
tmp_all      0  1.2 0.0660    0.0580      0.058 0.0700   0.1000  0.071 0.061
tmp_all      0  1.4 0.1670    0.1660      0.163 0.1580   0.2550  0.170 0.154
tmp_all      0  1.6 0.4130    0.3870      0.424 0.4230   0.5680  0.411 0.350
tmp_all      0  1.8 0.7200    0.7080      0.768 0.7220   0.8460  0.720 0.591
tmp_all      0  2.0 0.9330    0.9290      0.958 0.9310   0.9780  0.928 0.831
tmp_all      0  2.2 0.9940    0.9910      0.999 0.9730   0.9990  0.995 0.963
tmp_all      0  2.4 1.0000    1.0000      1.000 0.9860   1.0000  1.000 0.995
tmp_all      0  2.6 1.0000    0.9990      1.000 0.9860   1.0000  0.999 0.998
        p_shot   new_n new_sen   new_fdr newwt1_n newwt1_sen newwt1_fdr
tmp_all 0.0479  0.3198 0.00240 0.1702493   0.3244   0.002345  0.1747159
tmp_all 0.0600  0.4170 0.00660 0.1771850   0.4300   0.006500  0.1731150
tmp_all 0.1380  1.0210 0.02710 0.2116790   1.0510   0.028400  0.1984350
tmp_all 0.3110  2.9900 0.10020 0.2195710   2.7550   0.095550  0.1996460
tmp_all 0.6130  6.7460 0.25135 0.2117310   6.6690   0.249000  0.2145570
tmp_all 0.8420 11.5140 0.44320 0.2089570  11.2180   0.434650  0.2032530
tmp_all 0.9560 15.5490 0.60475 0.2057950  15.3430   0.599350  0.2027020
tmp_all 0.9950 18.7840 0.73770 0.2013050  18.3030   0.721500  0.1985410
tmp_all 0.9990 20.6660 0.81805 0.1970270  20.4130   0.800500  0.2032660
        newOmni_n newOmni_sen newOmni_fdr  pcom_n pcom_sen  pcom_fdr pcomHM_n
tmp_all    0.3294    0.002375   0.1793458  0.3181 0.002515 0.1693698   0.3188
tmp_all    0.4290    0.006450   0.1814610  0.4540 0.007200 0.1765360   0.4540
tmp_all    1.0640    0.029250   0.2040660  1.1380 0.031050 0.1919240   1.1470
tmp_all    3.0250    0.103700   0.2096030  3.0960 0.102400 0.2188040   3.1160
tmp_all    7.1080    0.266450   0.2114960  6.7910 0.248850 0.2225030   6.8160
tmp_all   12.0830    0.464650   0.2111120 11.5360 0.440000 0.2151380  11.6430
tmp_all   16.1740    0.628150   0.2071710 15.9720 0.612450 0.2166000  16.1090
tmp_all   19.0340    0.749400   0.2001530 18.8710 0.732300 0.2100890  19.0060
tmp_all   21.0250    0.827150   0.2010930 21.0490 0.818450 0.2104410  21.2010
        pcomHM_sen pcomHM_fdr  pool_n pool_sen  pool_fdr   S16_n S16_sen
tmp_all    0.00252  0.1694365  0.3443 0.002405 0.1852066  0.3274 0.00270
tmp_all    0.00720  0.1765360  0.4550 0.007100 0.1892600  0.4670 0.00635
tmp_all    0.03120  0.1931910  1.0790 0.028650 0.2149320  0.9720 0.02525
tmp_all    0.10265  0.2191780  3.0060 0.101900 0.2156960  2.2810 0.07200
tmp_all    0.24925  0.2233630  6.8220 0.255150 0.2103570  4.5030 0.16110
tmp_all    0.44205  0.2181630 11.6880 0.450200 0.2113090  7.4790 0.28080
tmp_all    0.61445  0.2200070 15.6270 0.608200 0.2056230 10.7640 0.40865
tmp_all    0.73355  0.2137520 18.8490 0.741600 0.2004220 12.9370 0.50015
tmp_all    0.82010  0.2143020 20.8100 0.820100 0.2007680 14.6620 0.56950
          S16_fdr shot_n shot_sen  shot_fdr  J_pcom   J_pool   J_16S  J_shot
tmp_all 0.1761569  0.345  0.00273 0.1840069 125.028 136.6215 95.7515 95.6777
tmp_all 0.1895550  0.392  0.00600 0.1792500 124.102 135.6820 94.8950 95.1540
tmp_all 0.2057620  0.865  0.02140 0.2022420 123.369 135.0690 94.1270 94.6120
tmp_all 0.2205340  1.983  0.06270 0.2090090 122.621 134.3340 93.5310 94.0890
tmp_all 0.2191800  4.292  0.15225 0.2197910 122.072 133.8550 93.0270 93.6630
tmp_all 0.2149060  7.198  0.26945 0.2134260 121.284 133.0310 92.3650 93.1620
tmp_all 0.2189940 10.207  0.38475 0.2246120 120.717 132.3620 91.9140 92.8140
tmp_all 0.2071290 12.461  0.47835 0.2132720 120.228 131.8840 91.2880 92.4170
tmp_all 0.2055670 14.263  0.55380 0.2061040 119.502 131.2630 90.7240 91.9820
