[1] 10000    36
[1] 1000   36
[1] 1000   36
[1] 1000   36
[1] 1000   36
[1] 1000   36
[1] 1000   36
[1] 1000   36
        n_conf beta  p_new p_new_wt1 p_new_omni p_comp p_compHM p_pool  p_16S
tmp_all      0  1.0 0.0504    0.0499     0.0453 0.0484   0.0825  0.050 0.0504
tmp_all      0  1.2 0.0870    0.1010     0.0830 0.0900   0.1420  0.083 0.0900
tmp_all      0  1.3 0.2290    0.2140     0.2260 0.2400   0.3020  0.241 0.1710
tmp_all      0  1.4 0.5060    0.4530     0.4980 0.4800   0.5970  0.498 0.3310
tmp_all      0  1.5 0.7740    0.7210     0.7910 0.7150   0.8170  0.762 0.5770
tmp_all      0  1.6 0.9220    0.8840     0.9330 0.8880   0.9580  0.922 0.7680
tmp_all      0  1.7 0.9830    0.9710     0.9870 0.9650   0.9880  0.980 0.9050
tmp_all      0  1.8 0.9980    0.9970     1.0000 0.9830   1.0000  0.998 0.9740
        p_shot  new_n new_sen  new_fdr newwt1_n newwt1_sen newwt1_fdr newOmni_n
tmp_all 0.0489 0.3266 0.00248 0.199128   0.3308     0.0024  0.1980917    0.3379
tmp_all 0.0770 0.5680 0.03960 0.191159   0.5370     0.0326  0.2011450    0.5700
tmp_all 0.2010 1.0710 0.12200 0.195979   0.9620     0.1028  0.2060370    1.0540
tmp_all 0.4370 2.1070 0.28140 0.196546   1.8580     0.2428  0.2043900    2.1130
tmp_all 0.6320 3.2140 0.45380 0.207972   3.0050     0.4254  0.2018200    3.1780
tmp_all 0.8450 4.1350 0.61120 0.197993   4.0160     0.5890  0.1981360    4.2030
tmp_all 0.9380 4.8910 0.72900 0.199470   4.7880     0.7180  0.1975470    4.9160
tmp_all 0.9820 5.4850 0.83400 0.194289   5.4190     0.8278  0.1924470    5.5220
        newOmni_sen newOmni_fdr pcom_n pcom_sen  pcom_fdr pcomHM_n pcomHM_sen
tmp_all      0.0024   0.2044747 0.3171  0.00214 0.1902776   0.3184    0.00214
tmp_all      0.0390   0.1970610 0.5450  0.03460 0.1985430   0.5450    0.03460
tmp_all      0.1160   0.2027280 1.0910  0.12460 0.1985660   1.1060    0.12560
tmp_all      0.2780   0.2000100 2.1310  0.28360 0.2026920   2.1370    0.28360
tmp_all      0.4552   0.1979280 3.2190  0.45540 0.2059190   3.2230    0.45560
tmp_all      0.6206   0.1985240 4.2660  0.63200 0.1935350   4.2790    0.63220
tmp_all      0.7410   0.1954630 4.9950  0.75640 0.1926770   5.0200    0.75740
tmp_all      0.8406   0.1939280 5.5620  0.84940 0.1916600   5.5840    0.85020
        pcomHM_fdr pool_n pool_sen  pool_fdr S16_n S16_sen   S16_fdr shot_n
tmp_all  0.1904776 0.3459  0.00254 0.2109577 0.331  0.0021 0.2047945 0.3355
tmp_all  0.1985430 0.5970  0.04040 0.2065120 0.523  0.0228 0.2187990 0.5070
tmp_all  0.1999050 1.1010  0.12500 0.2031340 0.827  0.0734 0.2137290 0.9650
tmp_all  0.2035210 2.1550  0.29280 0.1951630 1.308  0.1562 0.2017590 1.7500
tmp_all  0.2061170 3.2610  0.46500 0.2072130 1.915  0.2494 0.2132500 2.4050
tmp_all  0.1947050 4.1960  0.62280 0.1971140 2.546  0.3492 0.2046290 3.0520
tmp_all  0.1944020 5.0040  0.75180 0.1976070 2.987  0.4228 0.2039860 3.4720
tmp_all  0.1937290 5.5680  0.84740 0.1937210 3.368  0.4948 0.1926030 3.6300
        shot_sen  shot_fdr   J_pcom   J_pool    J_16S  J_shot
tmp_all  0.00174 0.2100593 121.2688 131.0947 100.1459 93.9701
tmp_all  0.03140 0.1913110 120.3510 130.2190  99.6120 93.1660
tmp_all  0.10260 0.2069460 119.9630 129.8650  99.2850 92.9210
tmp_all  0.21660 0.2129470 119.6270 129.4510  99.1660 92.4390
tmp_all  0.33300 0.1946540 119.2850 129.1380  98.8870 92.2970
tmp_all  0.44060 0.1924060 118.9410 128.9120  98.7650 91.8770
tmp_all  0.50880 0.1918320 118.5700 128.5340  98.4320 91.5800
tmp_all  0.54680 0.1840930 118.3050 128.2950  98.4580 91.2390
