[1] 10000    36
[1] 1000   36
[1] 1000   36
[1] 1000   36
[1] 1000   36
[1] 1000   36
[1] 1000   36
[1] 1000   36
[1] 1000   36
[1] 1000   36
[1] 1000   36
[1] 1000   36
        n_conf beta  p_new p_new_wt1 p_new_omni p_comp p_compHM p_pool  p_16S
tmp_all      0    1 0.0506    0.0507      0.050 0.0539    0.086 0.0512 0.0545
tmp_all      0    3 0.1280    0.1320      0.123 0.0980    0.176 0.1240 0.1020
tmp_all      0    5 0.3750    0.3510      0.382 0.3400    0.484 0.3600 0.2980
tmp_all      0    6 0.5170    0.5010      0.543 0.4680    0.631 0.5160 0.4270
tmp_all      0    7 0.6680    0.6210      0.693 0.6440    0.787 0.6610 0.5760
tmp_all      0    8 0.7550    0.7370      0.790 0.7350    0.867 0.7490 0.6610
tmp_all      0    9 0.8690    0.8160      0.884 0.8250    0.938 0.8660 0.7820
tmp_all      0   10 0.9250    0.9020      0.946 0.8910    0.969 0.9280 0.8730
tmp_all      0   20 1.0000    0.9990      1.000 0.9790    1.000 1.0000 1.0000
tmp_all      0   30 1.0000    1.0000      1.000 0.9940    1.000 1.0000 1.0000
tmp_all      0   40 1.0000    1.0000      1.000 0.9830    1.000 1.0000 1.0000
tmp_all      0   50 1.0000    1.0000      1.000 0.9810    1.000 1.0000 1.0000
        p_shot   new_n  new_sen   new_fdr newwt1_n newwt1_sen newwt1_fdr
tmp_all 0.0509  0.3312 0.000452 0.2026041   0.3316    0.00041  0.1991609
tmp_all 0.0820  0.9570 0.009660 0.1953430   0.8810    0.00912  0.1779680
tmp_all 0.2470  3.3690 0.046580 0.2069760   3.1180    0.04298  0.1969560
tmp_all 0.3390  5.3110 0.077300 0.1980010   4.8290    0.07010  0.2008980
tmp_all 0.4630  7.8130 0.116820 0.2089700   7.0300    0.10306  0.2133630
tmp_all 0.5740  9.4790 0.145160 0.2015720   8.6010    0.12970  0.2039690
tmp_all 0.6690 12.5400 0.191300 0.2052530  11.2040    0.16968  0.2073180
tmp_all 0.7210 15.0390 0.230180 0.2087940  13.5860    0.20628  0.2160970
tmp_all 0.9960 28.2080 0.442820 0.2033200  26.4580    0.41418  0.2051200
tmp_all 1.0000 32.6490 0.506140 0.2149130  31.2210    0.48470  0.2136040
tmp_all 1.0000 35.5490 0.549880 0.2181270  34.7320    0.53336  0.2229990
tmp_all 1.0000 37.1700 0.570340 0.2250620  36.2860    0.55794  0.2234280
        newOmni_n newOmni_sen newOmni_fdr  pcom_n pcom_sen  pcom_fdr pcomHM_n
tmp_all    0.3425    0.000432   0.2075625  0.3228 0.000232 0.1984787   0.3246
tmp_all    0.8840    0.009400   0.1797990  0.6780 0.006300 0.1743330   0.6810
tmp_all    3.3790    0.046540   0.2021770  2.6460 0.035320 0.1920610   2.6570
tmp_all    5.1780    0.075220   0.2030510  3.9080 0.056020 0.1961870   3.9280
tmp_all    7.7430    0.114460   0.2164470  5.6980 0.085120 0.1927170   5.7150
tmp_all    9.3960    0.143540   0.1989010  7.0620 0.107520 0.1925860   7.1200
tmp_all   12.4360    0.187980   0.2154030  9.5310 0.145140 0.2080020   9.5890
tmp_all   14.6070    0.223580   0.2089260 11.3030 0.174100 0.1975270  11.3910
tmp_all   27.8960    0.436940   0.2050290 23.2810 0.362660 0.2072710  23.4690
tmp_all   32.3760    0.501500   0.2156340 27.0530 0.415680 0.2206850  27.2810
tmp_all   35.5550    0.546700   0.2226490 30.0950 0.457720 0.2299520  30.3470
tmp_all   37.1680    0.567640   0.2295330 31.7480 0.475980 0.2414040  32.0880
        pcomHM_sen pcomHM_fdr  pool_n pool_sen  pool_fdr   S16_n  S16_sen
tmp_all   0.000232  0.1990787  0.3499  0.00044 0.2110363  0.3484 0.000214
tmp_all   0.006340  0.1744160  0.9120  0.00938 0.1883430  0.7140 0.006020
tmp_all   0.035380  0.1933020  3.3300  0.04608 0.2043190  2.1610 0.028160
tmp_all   0.056120  0.1975790  5.2780  0.07642 0.2039400  3.1880 0.045000
tmp_all   0.085240  0.1936000  7.7450  0.11540 0.2073180  4.3280 0.064080
tmp_all   0.107980  0.1946040  9.4270  0.14450 0.1963130  5.5370 0.082120
tmp_all   0.145440  0.2098430 12.4500  0.19020 0.2073830  7.2320 0.108320
tmp_all   0.174520  0.2003680 14.8960  0.22814 0.2100390  8.6380 0.131420
tmp_all   0.363120  0.2118920 28.1570  0.44170 0.2038350 18.0500 0.280640
tmp_all   0.415940  0.2261190 32.6560  0.50618 0.2152590 20.6600 0.318040
tmp_all   0.457940  0.2355720 35.7310  0.54988 0.2214850 23.2170 0.351460
tmp_all   0.476040  0.2488840 37.2610  0.57056 0.2267240 24.3950 0.365960
          S16_fdr  shot_n shot_sen  shot_fdr   J_pcom   J_pool    J_16S  J_shot
tmp_all 0.2193541  0.3499 0.000134 0.2194827 121.1231 132.0472  94.0653 92.4364
tmp_all 0.1822550  0.5850 0.004140 0.1907930 126.5410 139.1490  98.1330 94.3250
tmp_all 0.1814060  1.5180 0.017860 0.2089740 128.9030 141.6160 100.1730 95.6910
tmp_all 0.1943960  2.0380 0.026060 0.2066020 128.3810 141.3910  97.6600 96.4300
tmp_all 0.1855660  3.1040 0.043180 0.1942040 129.9000 143.0900  99.9300 96.5610
tmp_all 0.1909370  3.5520 0.051160 0.1831000 129.0780 142.5680 100.0400 96.6040
tmp_all 0.2055540  4.8160 0.071160 0.1985220 129.2960 142.7320 100.2290 95.1050
tmp_all 0.1983540  5.7590 0.086440 0.1894520 130.7510 144.1580  99.6880 97.3990
tmp_all 0.2062670 13.7920 0.213560 0.2040460 131.8910 145.0280 102.1630 97.7370
tmp_all 0.2172380 17.6710 0.271240 0.2151670 128.1740 141.6120  99.4030 96.8780
tmp_all 0.2299050 19.0030 0.291980 0.2157490 128.8080 142.6040  97.5890 96.0570
tmp_all 0.2382680 20.6940 0.312700 0.2308180 126.7920 140.3410  96.6330 95.3440
