[1] 9890   36
[1] 1000   36
[1] 1000   36
[1] 1000   36
[1] 1000   36
[1] 1000   36
[1] 1000   36
[1] 1000   36
[1] 1000   36
        n_conf beta      p_new  p_new_wt1 p_new_omni     p_comp   p_compHM
tmp_all      0  1.0 0.04883721 0.04893832 0.04610718 0.05045501 0.08341759
tmp_all      0  1.2 0.06400000 0.06000000 0.06100000 0.06300000 0.10400000
tmp_all      0  1.4 0.13800000 0.15800000 0.14400000 0.17900000 0.25500000
tmp_all      0  1.6 0.30000000 0.39400000 0.37300000 0.39900000 0.55000000
tmp_all      0  1.8 0.63700000 0.74000000 0.74500000 0.74800000 0.87400000
tmp_all      0  2.0 0.86900000 0.93500000 0.94400000 0.92600000 0.98400000
tmp_all      0  2.2 0.97000000 0.99500000 0.99700000 0.98000000 1.00000000
tmp_all      0  2.4 0.99900000 1.00000000 1.00000000 0.99100000 1.00000000
tmp_all      0  2.6 1.00000000 1.00000000 1.00000000 0.98500000 1.00000000
            p_pool      p_16S     p_shot      new_n     new_sen  new_fdr
tmp_all 0.04772497 0.05136502 0.05045501  0.3220425 0.002204247 0.177942
tmp_all 0.06000000 0.07100000 0.04800000  0.4020000 0.005600000 0.177301
tmp_all 0.14600000 0.15100000 0.13400000  0.9270000 0.024400000 0.196319
tmp_all 0.31600000 0.33400000 0.29300000  2.3810000 0.078750000 0.206763
tmp_all 0.63300000 0.64300000 0.59300000  5.6470000 0.205650000 0.220342
tmp_all 0.87300000 0.85400000 0.83900000  9.6360000 0.367450000 0.214195
tmp_all 0.98400000 0.96800000 0.96200000 13.3500000 0.519650000 0.203369
tmp_all 0.99900000 0.99600000 0.99600000 16.8270000 0.660950000 0.199734
tmp_all 1.00000000 1.00000000 1.00000000 19.2300000 0.757050000 0.200789
          newwt1_n newwt1_sen newwt1_fdr  newOmni_n newOmni_sen newOmni_fdr
tmp_all  0.3190091 0.00210819  0.1773576  0.3285137 0.002300303   0.1815627
tmp_all  0.4200000 0.00625000  0.1727430  0.4110000 0.005950000   0.1698920
tmp_all  1.0120000 0.02655000  0.2002860  1.0050000 0.027050000   0.1952340
tmp_all  2.7710000 0.09535000  0.1988000  2.8240000 0.096600000   0.2025720
tmp_all  6.6880000 0.25025000  0.2089440  6.8110000 0.252500000   0.2164890
tmp_all 11.1410000 0.42805000  0.2043950 11.2760000 0.434800000   0.2077030
tmp_all 15.1350000 0.59265000  0.1995250 15.2480000 0.597650000   0.2002970
tmp_all 18.3270000 0.72195000  0.1994850 18.6170000 0.729650000   0.2021940
tmp_all 20.4500000 0.80690000  0.1991220 20.7990000 0.816650000   0.2029750
            pcom_n    pcom_sen  pcom_fdr   pcomHM_n pcomHM_sen pcomHM_fdr
tmp_all  0.3147624 0.002391304 0.1705746  0.3168857 0.00239636  0.1711813
tmp_all  0.4010000 0.005750000 0.1665430  0.4050000 0.00590000  0.1667930
tmp_all  1.0760000 0.029300000 0.1965430  1.0850000 0.02945000  0.1971570
tmp_all  2.9360000 0.100050000 0.2099270  2.9500000 0.10035000  0.2100650
tmp_all  6.9530000 0.256400000 0.2202130  6.9990000 0.25735000  0.2218490
tmp_all 11.5440000 0.439700000 0.2167800 11.6500000 0.44105000  0.2198610
tmp_all 15.6160000 0.603650000 0.2114880 15.7660000 0.60565000  0.2155230
tmp_all 18.7820000 0.731600000 0.2066400 18.9260000 0.73295000  0.2107560
tmp_all 20.8710000 0.818300000 0.2040400 21.0300000 0.81915000  0.2086210
            pool_n    pool_sen  pool_fdr      S16_n     S16_sen   S16_fdr
tmp_all  0.3407482 0.002335693 0.1881404  0.3365015 0.002760364 0.1792419
tmp_all  0.3950000 0.005650000 0.1755010  0.4640000 0.006550000 0.1957860
tmp_all  0.9210000 0.023850000 0.1975650  0.9220000 0.023100000 0.2040430
tmp_all  2.3430000 0.079150000 0.1998520  2.2870000 0.073800000 0.2218520
tmp_all  5.6040000 0.205450000 0.2164380  4.6720000 0.168550000 0.2258860
tmp_all  9.6290000 0.368200000 0.2081180  7.6190000 0.283450000 0.2215570
tmp_all 13.4790000 0.525500000 0.2010760 10.6540000 0.407050000 0.2152160
tmp_all 16.9150000 0.665100000 0.1989900 13.0180000 0.502600000 0.2101780
tmp_all 19.3420000 0.761200000 0.2001860 14.6780000 0.574150000 0.2023840
            shot_n    shot_sen  shot_fdr   J_pcom   J_pool    J_16S   J_shot
tmp_all  0.3389282 0.002249747 0.1887225 133.4699 144.4978 95.73873 108.1426
tmp_all  0.4060000 0.005400000 0.1761520 132.9220 143.9040 95.09200 107.7090
tmp_all  0.8330000 0.020450000 0.1921520 132.1060 143.1690 94.29100 107.1860
tmp_all  1.8820000 0.059550000 0.2208420 131.3670 142.4530 93.68500 106.7010
tmp_all  4.2200000 0.149900000 0.2242580 130.8240 141.8990 93.09900 106.2790
tmp_all  7.0750000 0.264500000 0.2122570 130.1880 141.2180 92.48500 105.9660
tmp_all  9.8390000 0.376500000 0.2067710 129.5020 140.6400 91.81000 105.4840
tmp_all 12.1580000 0.475300000 0.1965590 129.0810 140.1600 91.36500 105.2430
tmp_all 14.0980000 0.548600000 0.2042630 128.5960 139.6800 90.92100 104.8110
