[1] 9999   36
[1] 1000   36
[1] 1000   36
[1] 1000   36
[1] 1000   36
[1] 1000   36
[1] 1000   36
[1] 1000   36
        n_conf beta      p_new  p_new_wt1 p_new_omni     p_comp   p_compHM
tmp_all      0  1.0 0.04990499 0.04770477 0.04610461 0.05240524 0.07970797
tmp_all      0  1.2 0.08900000 0.10300000 0.09500000 0.08900000 0.13400000
tmp_all      0  1.3 0.22400000 0.23400000 0.23700000 0.22700000 0.30700000
tmp_all      0  1.4 0.43900000 0.45700000 0.48100000 0.46000000 0.58200000
tmp_all      0  1.5 0.68100000 0.69700000 0.73900000 0.69200000 0.79500000
tmp_all      0  1.6 0.89400000 0.90900000 0.91600000 0.89700000 0.94600000
tmp_all      0  1.7 0.97200000 0.96700000 0.98200000 0.95900000 0.98500000
tmp_all      0  1.8 0.99700000 0.99600000 0.99900000 0.98200000 1.00000000
            p_pool      p_16S     p_shot     new_n    new_sen   new_fdr
tmp_all 0.04860486 0.05250525 0.05120512 0.3268327 0.00240024 0.2020438
tmp_all 0.07500000 0.07300000 0.08600000 0.5350000 0.03100000 0.2081330
tmp_all 0.21000000 0.18500000 0.19900000 0.9990000 0.10280000 0.1999120
tmp_all 0.40600000 0.36400000 0.39700000 1.9790000 0.25200000 0.2080280
tmp_all 0.64600000 0.57000000 0.62100000 2.8720000 0.40680000 0.2008860
tmp_all 0.84100000 0.76400000 0.82700000 3.8630000 0.55960000 0.2108740
tmp_all 0.96300000 0.90700000 0.94700000 4.5900000 0.68400000 0.1956770
tmp_all 0.99200000 0.97200000 0.98600000 5.1290000 0.77980000 0.1942520
         newwt1_n  newwt1_sen newwt1_fdr newOmni_n newOmni_sen newOmni_fdr
tmp_all 0.3238324 0.002360236  0.1993863 0.3393339  0.00240024    0.210493
tmp_all 0.5230000 0.031200000  0.1997730 0.5510000  0.03280000    0.207169
tmp_all 1.0290000 0.105400000  0.2129600 1.1250000  0.11780000    0.213353
tmp_all 1.9340000 0.252800000  0.2036610 2.1140000  0.27480000    0.212414
tmp_all 2.9670000 0.416600000  0.2018300 3.1440000  0.44580000    0.202061
tmp_all 3.8780000 0.577000000  0.1940680 4.0410000  0.60040000    0.198939
tmp_all 4.7830000 0.715000000  0.2016830 4.9270000  0.73680000    0.200739
tmp_all 5.4410000 0.826600000  0.1983370 5.4410000  0.82880000    0.194410
           pcom_n    pcom_sen  pcom_fdr  pcomHM_n  pcomHM_sen pcomHM_fdr
tmp_all 0.3163316 0.002940294 0.1954305 0.3184318 0.002940294  0.1959106
tmp_all 0.5030000 0.033400000 0.1897400 0.5030000 0.033400000  0.1897400
tmp_all 1.1100000 0.119400000 0.1920940 1.1140000 0.119600000  0.1926270
tmp_all 2.1150000 0.272000000 0.2172420 2.1200000 0.272200000  0.2176360
tmp_all 3.1020000 0.445400000 0.1895900 3.1120000 0.446000000  0.1909840
tmp_all 4.1530000 0.615200000 0.1955930 4.1810000 0.617800000  0.1957670
tmp_all 5.0380000 0.748200000 0.2054990 5.0580000 0.748800000  0.2072330
tmp_all 5.5230000 0.835600000 0.1951940 5.5420000 0.835600000  0.1966990
           pool_n    pool_sen  pool_fdr     S16_n     S16_sen  S16_fdr
tmp_all 0.3480348 0.002680268 0.2120415 0.3356336 0.002520252 0.212811
tmp_all 0.5550000 0.034600000 0.2174360 0.4810000 0.023800000 0.213026
tmp_all 0.9850000 0.101000000 0.2062350 0.8750000 0.077600000 0.219737
tmp_all 1.9700000 0.251600000 0.2105130 1.3540000 0.161000000 0.205083
tmp_all 2.9850000 0.421200000 0.2029050 1.9480000 0.261600000 0.184267
tmp_all 4.0730000 0.596000000 0.2037770 2.4910000 0.353400000 0.190066
tmp_all 4.8690000 0.727000000 0.1981650 3.0690000 0.435000000 0.211347
tmp_all 5.4290000 0.828400000 0.1931310 3.3090000 0.489800000 0.186289
           shot_n    shot_sen  shot_fdr   J_pcom   J_pool    J_16S   J_shot
tmp_all 0.3408341 0.002140214 0.2136256 128.1488 137.7008 100.1818 105.3972
tmp_all 0.5200000 0.029200000 0.2099190 127.2990 136.9500  99.6650 104.8390
tmp_all 0.9580000 0.091800000 0.2079180 126.8820 136.6380  99.4360 104.5010
tmp_all 1.6480000 0.199800000 0.2287920 126.5400 136.0200  99.1530 104.1930
tmp_all 2.3800000 0.316600000 0.2191880 126.1170 135.7570  98.9760 103.9750
tmp_all 3.0390000 0.427600000 0.2105410 125.7730 135.4580  98.7760 103.7150
tmp_all 3.4750000 0.505000000 0.2012170 125.2720 134.9550  98.3870 103.3550
tmp_all 3.7260000 0.547000000 0.2002600 125.0530 134.5980  98.3500 103.2080
